0.0000 0.0000 0.0000 0.0000 0.0000 0.0000 0.0000 0.0000 0.0000 0.0000 0.0000 0.0000 0.0000 0.0000 0.0000 0.0000 0.0000 0.0000 0.0000 0.0000 0.0000 0.0000 0.0000 0.0000 0.0000 0.0000 0.0000 0.0000 0.0000 0.0000 0.0000 0.0000 0.0000 0.0000 0.0000 0.0000 0.0000 0.0000 0.0000 0.0000
0.0000 0.0000 0.0000 0.0000 0.0000 0.0000 0.0000 0.0000 0.0000 0.0000 0.0000 0.0000 0.0000 0.0000 0.0000 0.0000 0.0000 0.0000 0.0000 0.0000 0.0000 0.0000 0.0000 0.0000 0.0000 0.0000 0.0000 0.0000 0.0000 0.0000 0.0000 0.0000 0.0000 0.0000 0.0000 0.0000 0.0000 0.0000 0.0000 0.0000
0.0000 0.0000 0.0000 0.0000 0.0000 0.0000 0.0000 0.0000 0.0000 0.0000 0.0000 0.0000 0.0000 0.0000 0.0000 0.0000 0.0000 0.0000 0.0000 0.0000 0.0000 0.0000 0.0000 0.0000 0.0000 0.0000 0.0000 0.0000 0.0000 0.0000 0.0000 0.0000 0.0000 0.0000 0.0000 0.0000 0.0000 0.0000 0.0000 0.0000
0.0000 0.0000 0.0000 0.0000 0.0000 0.0000 0.0000 0.0000 0.0000 0.0000 0.0000 0.0000 0.0000 0.0000 0.0000 0.0000 0.0000 0.0000 0.0000 0.0000 0.0000 0.0000 0.0000 0.0000 0.0000 0.0000 0.0000 0.0000 0.0000 0.0000 0.0000 0.0000 0.0000 0.0000 0.0000 0.0000 0.0000 0.0000 0.0000 0.0000
0.0000 0.0000 0.0000 0.0000 0.0000 0.0000 0.0000 0.0000 0.0000 0.0000 0.0000 0.0000 0.0000 0.0000 0.0000 0.0000 0.0000 0.0000 0.0000 0.0000 0.0000 0.0000 0.0000 0.0000 0.0000 0.0000 0.0000 0.0000 0.0000 0.0000 0.0000 0.0000 0.0000 0.0000 0.0000 0.0000 0.0000 0.0000 0.0000 0.0000
0.0000 0.0000 0.0000 0.0000 0.0000 0.0000 0.0000 0.0000 0.0000 0.0000 0.0000 0.0000 0.0000 0.0000 0.0000 0.0000 0.0000 0.0000 0.0000 0.0000 0.0000 0.0000 0.0000 0.0000 0.0000 0.0000 0.0000 0.0000 0.0000 0.0000 0.0000 0.0000 0.0000 0.0000 0.0000 0.0000 0.0000 0.0000 0.0000 0.0000
0.0000 0.0000 0.0000 0.0000 0.0000 0.0000 0.0000 0.0000 0.0000 0.0000 0.0000 0.0000 0.0000 0.0000 0.0000 0.0000 0.0000 0.0000 0.0000 0.0000 0.0000 0.0000 0.0000 0.0000 0.0000 0.0000 0.0000 0.0000 0.0000 0.0000 0.0000 0.0000 0.0000 0.0000 0.0000 0.0000 0.0000 0.0000 0.0000 0.0000
0.0000 0.0000 0.0000 0.0000 0.0000 0.0000 0.0000 0.0000 0.0000 0.0000 0.0000 0.0000 0.0000 0.0000 0.0000 0.0000 0.0000 0.0000 0.0000 0.0000 0.0000 0.0000 0.0000 0.0000 0.0000 0.0000 0.0000 0.0000 0.0000 0.0000 0.0000 0.0000 0.0000 0.0000 0.0000 0.0000 0.0000 0.0000 0.0000 0.0000
0.0000 0.0000 0.0000 0.0000 0.0000 0.0000 0.0000 0.0000 0.0000 0.0000 0.0000 0.0000 0.0000 0.0000 0.0000 0.0000 0.0000 0.0000 0.0000 0.0000 0.0000 0.0000 0.0000 0.0000 0.0000 0.0000 0.0000 0.0000 0.0000 0.0000 0.0000 0.0000 0.0000 0.0000 0.0000 0.0000 0.0000 0.0000 0.0000 0.0000
0.0000 0.0000 0.0000 0.0000 0.0000 0.0000 0.0000 0.0000 0.0000 0.0000 0.0000 0.0000 0.0000 0.0000 0.0000 0.0000 0.0000 0.0000 0.0000 0.0000 0.0000 0.0000 0.0000 0.0000 0.0000 0.0000 0.0000 0.0000 0.0000 0.0000 0.0000 0.0000 0.0000 0.0000 0.0000 0.0000 0.0000 0.0000 0.0000 0.0000
0.0000 0.0000 0.0000 0.0000 0.0000 0.0000 0.0000 0.0000 0.0000 0.0000 0.0000 0.0000 0.0000 0.0000 0.0000 0.0000 0.0000 0.0000 0.0000 0.0000 0.0000 0.0000 0.0000 0.0000 0.0000 0.0000 0.0000 0.0000 0.0000 0.0000 0.0000 0.0000 0.0000 0.0000 0.0000 0.0000 0.0000 0.0000 0.0000 0.0000
0.0000 0.0000 0.0000 0.0000 0.0000 0.0000 0.0000 0.0000 0.0000 0.0000 0.0000 0.0000 0.0000 0.0000 0.0000 0.0000 0.0000 0.0000 0.0000 0.0000 0.0000 0.0000 0.0000 0.0000 0.0000 0.0000 0.0000 0.0000 0.0000 0.0000 0.0000 0.0000 0.0000 0.0000 0.0000 0.0000 0.0000 0.0000 0.0000 0.0000
0.0000 0.0000 0.0000 0.0000 0.0000 0.0000 0.0000 0.0000 0.0000 0.0000 0.0000 0.0000 0.0000 0.0000 0.0000 0.0000 0.0000 0.0000 0.0000 0.0000 0.0000 0.0000 0.0000 0.0000 0.0000 0.0000 0.0000 0.0000 0.0000 0.0000 0.0000 0.0000 0.0000 0.0000 0.0000 0.0000 0.0000 0.0100 0.0000 0.0000
0.0000 0.0000 0.0000 0.0000 0.0000 0.0000 0.0000 0.0000 0.0000 0.0000 0.0000 0.0000 0.0000 0.0000 0.0000 0.0000 0.0278 0.0000 0.0000 0.0000 0.0000 0.0000 0.0000 0.0000 0.0000 0.0000 0.0000 0.0000 0.0000 0.0000 0.0000 0.0000 0.0000 0.0400 0.1100 0.1600 0.1900 0.2000 0.1900 0.1600
0.0000 0.0000 0.0000 0.0000 0.0000 0.0000 0.0000 0.0000 0.0000 0.0000 0.0000 0.0000 0.0000 0.0833 0.2222 0.3056 0.3333 0.3056 0.2222 0.0833 0.0000 0.0000 0.0000 0.0000 0.0000 0.0000 0.0000 0.0000 0.0000 0.0000 0.0000 0.0100 0.1200 0.2100 0.2800 0.3300 0.3600 0.3700 0.3600 0.3300
0.0000 0.0000 0.0000 0.0000 0.0000 0.0000 0.0000 0.0000 0.0000 0.0000 0.0000 0.0000 0.1389 0.3333 0.4722 0.5556 0.5833 0.5556 0.4722 0.3333 0.1389 0.0000 0.0000 0.0000 0.0000 0.0000 0.0000 0.0000 0.0000 0.0000 0.0300 0.1600 0.2700 0.3600 0.4300 0.4800 0.5100 0.5200 0.5100 0.4800
0.0000 0.0000 0.0000 0.0000 0.0000 0.0000 0.0000 0.0000 0.0000 0.0000 0.0000 0.0833 0.3333 0.5278 0.6667 0.7500 0.7778 0.7500 0.6667 0.5278 0.3333 0.0833 0.0000 0.0000 0.0000 0.0000 0.0123 0.0000 0.0000 0.0100 0.1600 0.2900 0.4000 0.4900 0.5600 0.6100 0.6400 0.6500 0.6400 0.6100
0.0000 0.0000 0.0000 0.0000 0.0000 0.0000 0.0000 0.0000 0.0000 0.0000 0.0000 0.2222 0.4722 0.6667 0.8056 0.8889 0.9167 0.8889 0.8056 0.6667 0.4722 0.2222 0.0247 0.1111 0.1728 0.2099 0.2222 0.2099 0.1728 0.2311 0.2947 0.4000 0.5100 0.6000 0.6700 0.7200 0.7500 0.7600 0.7500 0.7200
0.0000 0.0000 0.0000 0.0000 0.0000 0.0000 0.0000 0.0000 0.0000 0.0000 0.0000 0.3179 0.5556 0.7500 0.8889 0.9722 1.0000 0.9722 0.8889 0.7500 0.5556 0.4043 0.2099 0.2963 0.3580 0.3951 0.4074 0.3951 0.3980 0.5063 0.5699 0.5888 0.6000 0.6900 0.7600 0.8100 0.8400 0.8500 0.8400 0.8100
0.0000 0.0000 0.0000 0.0000 0.0000 0.0000 0.0000 0.0247 0.1111 0.1728 0.2377 0.5556 0.7932 0.9506 1.0278 1.0247 1.0278 1.0000 0.9167 0.7778 0.7068 0.5926 0.3981 0.4568 0.5185 0.5556 0.5679 0.5556 0.6285 0.7368 0.8004 0.8193 0.7935 0.7600 0.8300 0.8800 0.9100 0.9200 0.9100 0.8800
0.0000 0.0000 0.0000 0.0000 0.0000 0.0000 0.0988 0.2099 0.3241 0.3580 0.3951 0.7130 0.9506 1.1080 1.1852 1.1821 1.0988 0.9722 0.8889 0.8488 0.8148 0.7006 0.5062 0.6204 0.6543 0.6914 0.7037 0.6914 0.8143 0.9226 0.9862 1.0051 0.9793 0.9088 0.8800 0.9300 0.9600 0.9700 0.9600 0.9300
0.0000 0.0000 0.0000 0.0000 0.0000 0.2068 0.4815 0.6759 0.7901 0.8241 0.7778 0.8735 1.0278 1.1852 1.2623 1.2593 1.1759 1.0123 0.8302 0.8765 0.9259 0.9506 0.9228 1.0370 1.0710 1.0247 0.8981 0.8025 0.9554 1.0637 1.1273 1.1462 1.1204 1.0499 0.9347 0.9600 0.9900 1.0000 0.9900 0.9600
0.0000 0.0000 0.0000 0.0000 0.2377 0.5926 0.8673 1.0617 1.1759 1.2099 1.1636 1.1204 1.1636 1.1821 1.2593 1.2562 1.1728 1.0093 0.8765 0.9630 1.1235 1.1481 1.2593 1.3735 1.4074 1.3611 1.2346 1.0378 1.0519 1.1601 1.2237 1.2426 1.2168 1.1463 1.0311 0.9700 1.0000 1.0100 1.0000 0.9700
0.0000 0.0000 0.0000 0.1080 0.5432 0.8981 1.1728 1.3673 1.4815 1.5154 1.4691 1.3426 1.2747 1.1821 1.1759 1.1728 1.0895 0.9259 0.9383 1.0494 1.1852 1.3210 1.5154 1.6296 1.6636 1.6173 1.4907 1.2840 1.1869 1.2119 1.2754 1.2943 1.2685 1.1980 1.0828 0.9600 0.9900 1.0000 0.9900 0.9600
0.0000 0.0000 0.0000 0.3333 0.7685 1.1235 1.3981 1.5926 1.7068 1.7407 1.6944 1.5679 1.3611 1.1574 1.0123 1.0093 0.9259 0.7623 0.9506 1.0617 1.2222 1.4969 1.6914 1.8056 1.8395 1.7932 1.6667 1.4599 1.3328 1.2189 1.2825 1.3014 1.2756 1.2051 1.0899 0.9300 0.9600 0.9700 0.9600 0.9300
0.0000 0.0000 0.0000 0.4784 0.9136 1.2685 1.5432 1.7377 1.8519 1.8858 1.8395 1.7130 1.5062 1.2191 0.8519 0.7654 0.6821 0.5309 0.8858 1.1358 1.3179 1.5926 1.7870 1.9012 1.9352 1.8889 1.7623 1.5556 1.3785 1.1812 1.2448 1.2637 1.2379 1.1674 1.0522 0.8923 0.9100 0.9200 0.9100 0.8800
0.0000 0.0000 0.0278 0.5432 0.9784 1.3333 1.6080 1.8025 1.9167 1.9506 1.9043 1.7778 1.5710 1.2840 0.9167 0.8025 0.6914 0.5833 0.9383 1.1883 1.3333 1.6080 1.8025 1.9167 1.9506 1.9043 1.7778 1.5710 1.3240 1.1267 1.1625 1.1814 1.1556 1.0851 0.9699 0.8100 0.8400 0.8500 0.8400 0.8100
0.0000 0.0000 0.0123 0.5278 0.9630 1.3179 1.5926 1.7870 1.9012 1.9352 1.8889 1.7623 1.5556 1.2685 0.9012 0.8148 0.7037 0.5679 0.8858 1.1358 1.2809 1.5432 1.7377 1.8519 1.8858 1.8395 1.7130 1.5062 1.2191 0.9719 1.0354 1.0543 1.0285 0.9580 0.8428 0.7200 0.7500 0.7600 0.7500 0.7200
0.0000 0.0000 0.0000 0.4321 0.8951 1.2222 1.4969 1.6914 1.8056 1.8395 1.8136 1.6667 1.4599 1.1728 0.8889 0.8025 0.6914 0.5556 0.7284 0.9784 1.1235 1.3981 1.5926 1.7068 1.7407 1.6944 1.5679 1.3611 1.0741 0.8001 0.8637 0.8826 0.8568 0.7863 0.6711 0.6100 0.6400 0.6500 0.6400 0.6100
0.0000 0.0833 0.2222 0.5617 1.0247 1.3519 1.5432 1.7008 1.8337 1.9289 1.9030 1.7560 1.4880 1.0990 0.8519 0.7654 0.6543 0.5185 0.4660 0.7160 0.8981 1.1728 1.3673 1.4815 1.5154 1.4691 1.3426 1.1358 0.8488 0.7037 0.6473 0.6662 0.6404 0.5699 0.4547 0.4800 0.5100 0.5200 0.5100 0.4800
0.1389 0.3333 0.4722 0.6667 1.0185 1.3457 1.7207 1.9191 1.9409 1.8972 1.8713 1.7244 1.4563 1.1784 0.9738 0.7037 0.5926 0.4568 0.2963 0.3488 0.5926 0.8673 1.0617 1.1759 1.2099 1.1636 1.0370 0.8302 0.6543 0.5926 0.5062 0.4051 0.3793 0.3088 0.2800 0.3300 0.3600 0.3700 0.3600 0.3578
0.3333 0.5278 0.6667 0.7747 0.9877 1.3874 1.7624 1.9608 1.9826 1.8278 1.7186 1.5716 1.4147 1.2756 1.0711 0.8010 0.5062 0.3704 0.2099 0.0247 0.2068 0.4815 0.6759 0.7901 0.8241 0.7778 0.6512 0.5556 0.5185 0.4568 0.3704 0.2593 0.1235 0.0400 0.1100 0.1600 0.2733 0.4222 0.4956 0.4933
0.4722 0.6667 0.8056 0.8889 1.1175 1.4747 1.7108 1.8259 1.8477 1.6929 1.5281 1.5200 1.4465 1.3074 1.1028 0.8327 0.4971 0.2593 0.0988 0.0000 0.0000 0.0988 0.2099 0.3241 0.3580 0.3951 0.4074 0.3951 0.3580 0.2963 0.2099 0.0988 0.0000 0.0000 0.0000 0.1389 0.3333 0.4822 0.5556 0.5833
0.5556 0.7500 0.8889 0.9722 1.2041 1.5243 1.7604 1.8755 1.8695 1.7424 1.4943 1.4863 1.4127 1.2736 1.0690 0.7989 0.4633 0.1235 0.0000 0.0000 0.0000 0.0000 0.0247 0.1111 0.1728 0.2099 0.2222 0.2099 0.1728 0.1111 0.0247 0.0000 0.0000 0.0000 0.0833 0.3333 0.5278 0.6667 0.7500 0.7778
0.5833 0.7778 0.9167 1.0000 1.2931 1.4898 1.6889 1.8040 1.7980 1.6709 1.4228 1.3870 1.3134 1.1744 0.9698 0.6997 0.3641 0.0000 0.0000 0.0000 0.0000 0.0000 0.0000 0.0000 0.0000 0.0000 0.0123 0.0000 0.0000 0.0000 0.0000 0.0000 0.0000 0.0000 0.2222 0.4722 0.6667 0.8056 0.8889 0.9167
0.5556 0.7500 0.8889 0.9926 1.2857 1.4824 1.5828 1.6114 1.6054 1.4784 1.2303 1.2222 1.1487 1.0096 0.8050 0.5349 0.2857 0.0204 0.0000 0.0000 0.0000 0.0000 0.0000 0.0000 0.0000 0.0000 0.0000 0.0000 0.0000 0.0000 0.0000 0.0000 0.0000 0.0000 0.3056 0.5556 0.7500 0.8889 0.9722 1.0000
0.4722 0.6667 0.8056 0.8889 1.1820 1.3787 1.4790 1.4830 1.3906 1.2018 1.0000 0.9919 0.9184 0.8163 0.6735 0.4898 0.2653 0.0000 0.0000 0.0000 0.0000 0.0000 0.0000 0.0000 0.0000 0.0000 0.0000 0.0000 0.0000 0.0000 0.0000 0.0000 0.0000 0.0278 0.3333 0.5833 0.7778 0.9167 1.0000 1.0278
0.3333 0.5278 0.6667 0.7500 0.9819 1.1786 1.2789 1.2829 1.1905 1.0017 0.9388 0.9184 0.8571 0.7551 0.6122 0.4286 0.2041 0.0000 0.0000 0.0000 0.0000 0.0000 0.0000 0.0000 0.0000 0.0000 0.0000 0.0000 0.0000 0.0000 0.0000 0.0000 0.0000 0.0000 0.3056 0.5556 0.7500 0.8889 0.9722 1.0000
0.1389 0.3333 0.4722 0.5556 0.6854 0.8821 0.9824 0.9864 0.8940 0.8163 0.8367 0.8163 0.7551 0.6531 0.5102 0.3265 0.1020 0.0000 0.0000 0.0000 0.0000 0.0000 0.0000 0.0000 0.0000 0.0000 0.0000 0.0000 0.0000 0.0000 0.0000 0.0000 0.0000 0.0000 0.2222 0.4722 0.6667 0.8056 0.8889 0.9167
0.0000 0.0833 0.2222 0.3056 0.3333 0.4892 0.5896 0.5935 0.6122 0.6735 0.6939 0.6735 0.6122 0.5102 0.3673 0.1837 0.0000 0.0000 0.0000 0.0000 0.0000 0.0000 0.0000 0.0000 0.0000 0.0000 0.0000 0.0000 0.0000 0.0000 0.0000 0.0000 0.0000 0.0000 0.0833 0.3333 0.5278 0.6667 0.7500 0.7778
