0.0000 0.0000 0.0000 0.0000 0.0000 0.0000 0.0000 0.0000 0.0000 0.0000 0.0000 0.0000 0.0000 0.0000 0.0000 0.0000 0.0000 0.0000 0.0000 0.0000 0.0000 0.0000 0.0000 0.0000 0.0000 0.0000 0.0000 0.0000 0.0000 0.0000 0.0000 0.0000 0.0000 0.0000 0.0000 0.0000 0.0000 0.0000 0.0000 0.0000
0.0000 0.0000 0.0000 0.0000 0.0000 0.0000 0.0000 0.0000 0.0000 0.0000 0.0000 0.0000 0.0000 0.0000 0.0123 0.0000 0.0000 0.0000 0.0000 0.0000 0.0000 0.0000 0.0000 0.0000 0.0000 0.0000 0.0000 0.0000 0.0000 0.0000 0.0000 0.0000 0.0000 0.0000 0.0000 0.0000 0.0204 0.0000 0.0000 0.0000
0.0000 0.0000 0.0000 0.0000 0.0000 0.0000 0.0000 0.0000 0.0000 0.0000 0.0247 0.1111 0.1728 0.2099 0.2222 0.2099 0.1728 0.1111 0.0247 0.0000 0.0000 0.0000 0.0000 0.0000 0.0000 0.0204 0.0000 0.0000 0.0000 0.0000 0.0000 0.0000 0.0000 0.1020 0.2041 0.2653 0.2857 0.2653 0.2041 0.1020
0.0000 0.0000 0.0000 0.0000 0.0000 0.0000 0.0000 0.0000 0.0000 0.0988 0.2099 0.2963 0.3580 0.3951 0.4074 0.3951 0.3580 0.2963 0.2099 0.0988 0.0000 0.0000 0.1020 0.2041 0.2653 0.2857 0.2653 0.2041 0.1020 0.0000 0.0000 0.0000 0.1837 0.3265 0.4286 0.4898 0.5102 0.4898 0.4286 0.3265
0.0000 0.0000 0.0000 0.0000 0.0000 0.0000 0.0000 0.0000 0.1235 0.2593 0.3704 0.4568 0.5185 0.5556 0.5679 0.5556 0.5185 0.4568 0.3704 0.2593 0.1235 0.1837 0.3265 0.4286 0.4898 0.5102 0.4898 0.4286 0.3265 0.1837 0.0000 0.1837 0.3673 0.5102 0.6122 0.6735 0.6939 0.6735 0.6122 0.5102
0.0000 0.0000 0.0000 0.0000 0.0000 0.0000 0.0000 0.0988 0.2593 0.3951 0.5062 0.5926 0.6543 0.6914 0.7037 0.6914 0.6543 0.5926 0.5062 0.3951 0.4429 0.4661 0.5102 0.6122 0.6735 0.6939 0.6735 0.6122 0.5102 0.3673 0.2857 0.3265 0.5102 0.6531 0.7551 0.8163 0.8367 0.8163 0.7551 0.6531
0.0000 0.0000 0.0000 0.0000 0.0000 0.0000 0.0247 0.2099 0.3704 0.5062 0.6173 0.7037 0.7654 0.8025 0.8148 0.8025 0.7654 0.7037 0.6173 0.6082 0.6969 0.7201 0.6778 0.7551 0.8163 0.8367 0.8163 0.7551 0.6531 0.5102 0.5306 0.5306 0.6122 0.7551 0.8571 0.9184 0.9388 0.9184 0.8571 0.7551
0.0000 0.0000 0.0000 0.0000 0.0000 0.0000 0.1111 0.2963 0.4568 0.5926 0.7037 0.7901 0.8519 0.8889 0.9012 0.8889 0.8519 0.7901 0.7037 0.7967 0.8854 0.9085 0.8662 0.8571 0.9184 0.9388 0.9184 0.8571 0.7551 0.6122 0.6939 0.6939 0.6735 0.8163 0.9184 0.9796 1.0000 0.9796 0.9184 0.8163
0.0000 0.0000 0.0000 0.0000 0.0000 0.0000 0.1728 0.3580 0.5185 0.6543 0.7654 0.8519 0.9136 0.9506 0.9630 0.9506 0.9136 0.8519 0.7654 0.9196 1.0083 1.0315 0.9892 0.9184 0.9796 1.0000 0.9796 0.9184 0.8163 0.6939 0.7755 0.7755 0.6939 0.8367 0.9388 1.0000 1.0204 1.0000 0.9388 0.8367
0.0000 0.0000 0.0000 0.0000 0.0000 0.0000 0.2099 0.3951 0.5556 0.6914 0.8025 0.8889 0.9506 0.9877 1.0000 0.9877 0.9506 0.8889 0.8229 0.9771 1.0658 1.0889 1.0466 0.9388 1.0000 1.0204 1.0000 0.9388 0.8367 0.6939 0.7755 0.7755 0.6939 0.8163 0.9184 0.9796 1.0000 0.9796 0.9184 0.8163
0.0000 0.0000 0.0000 0.0000 0.0000 0.0123 0.2222 0.4074 0.5679 0.7037 0.8148 0.9012 0.9630 1.0000 1.0123 1.0000 0.9630 0.9012 0.8148 0.9690 1.0577 1.0809 1.0385 0.9307 0.9796 1.0000 0.9796 0.9184 0.8163 0.6735 0.6939 0.6939 0.6122 0.7551 0.8571 0.9184 0.9388 0.9184 0.8571 0.7551
0.0000 0.0000 0.0000 0.0000 0.0000 0.0000 0.2099 0.3951 0.5556 0.6914 0.8025 0.8889 0.9506 0.9877 1.0000 0.9877 0.9506 0.8889 0.8025 0.8954 0.9841 1.0073 0.9650 0.8571 0.9184 0.9388 0.9184 0.8571 0.7551 0.6122 0.5306 0.5306 0.5102 0.6531 0.7551 0.8163 0.8367 0.8163 0.7551 0.6531
0.0000 0.0000 0.0000 0.0000 0.0000 0.0000 0.1728 0.3580 0.5185 0.6543 0.7654 0.8519 0.9136 0.9506 0.9630 0.9506 0.9136 0.8519 0.7654 0.7564 0.8450 0.8682 0.8259 0.7551 0.8163 0.8367 0.8163 0.7551 0.6531 0.5102 0.3265 0.2857 0.3673 0.5102 0.6122 0.6735 0.6939 0.6735 0.6122 0.5102
0.0000 0.0000 0.0000 0.0000 0.0000 0.0000 0.1111 0.2963 0.4568 0.5926 0.7037 0.7901 0.8519 0.8889 0.9012 0.8889 0.8519 0.7901 0.7037 0.5926 0.6405 0.6636 0.6213 0.6122 0.6735 0.6939 0.6735 0.6122 0.5102 0.3673 0.1837 0.0000 0.1837 0.3265 0.4286 0.4898 0.5102 0.4898 0.4286 0.3265
0.0000 0.0000 0.0000 0.0000 0.0000 0.0000 0.0247 0.2099 0.3704 0.5062 0.6173 0.7037 0.7654 0.8025 0.8148 0.8025 0.7654 0.7037 0.6173 0.5062 0.3704 0.3936 0.3512 0.4286 0.4898 0.5102 0.4898 0.4286 0.3265 0.1837 0.0000 0.0000 0.0000 0.1020 0.2041 0.2653 0.2857 0.2653 0.2041 0.1020
0.0000 0.0000 0.0000 0.0000 0.0000 0.0000 0.0000 0.0988 0.2593 0.3951 0.5062 0.5926 0.6543 0.6914 0.7037 0.6914 0.6543 0.5926 0.5062 0.3951 0.2593 0.0988 0.1020 0.2041 0.2653 0.2857 0.2809 0.2041 0.1020 0.0000 0.0000 0.0000 0.0000 0.0000 0.0000 0.0000 0.0204 0.0000 0.0000 0.0000
0.0000 0.0000 0.0000 0.0000 0.0000 0.0000 0.0000 0.0000 0.1235 0.2593 0.3704 0.4568 0.5185 0.5556 0.5679 0.5556 0.5185 0.4568 0.3704 0.2593 0.1235 0.0000 0.0000 0.1094 0.1875 0.2548 0.2500 0.2344 0.1875 0.1094 0.0000 0.0000 0.0000 0.0000 0.0000 0.0000 0.0000 0.0000 0.0000 0.0000
0.0000 0.0000 0.0000 0.0000 0.0000 0.0000 0.0000 0.0000 0.0000 0.0988 0.2099 0.2963 0.3580 0.3951 0.4074 0.3951 0.3580 0.2963 0.2099 0.0988 0.0000 0.0625 0.2031 0.3125 0.3906 0.4375 0.4531 0.4375 0.3906 0.3125 0.2031 0.0625 0.0000 0.0000 0.0000 0.0000 0.0000 0.0000 0.0000 0.0000
0.0000 0.0000 0.0000 0.0000 0.0000 0.0000 0.0000 0.0000 0.0000 0.0000 0.0247 0.1111 0.1728 0.2099 0.2222 0.2099 0.1728 0.1111 0.0247 0.0000 0.0625 0.2344 0.3750 0.4844 0.5625 0.6094 0.6250 0.6094 0.5625 0.4844 0.3750 0.2344 0.0625 0.0000 0.0000 0.0000 0.0000 0.0000 0.0000 0.0000
0.0000 0.0000 0.0000 0.0000 0.0000 0.0000 0.0000 0.0000 0.0000 0.0000 0.0000 0.0000 0.0000 0.0000 0.0123 0.0000 0.0000 0.0000 0.0000 0.0000 0.2031 0.3750 0.5156 0.6250 0.7031 0.7500 0.7656 0.7500 0.7031 0.6250 0.5156 0.3750 0.2031 0.0000 0.0000 0.0000 0.0000 0.0000 0.0000 0.0000
0.0000 0.0000 0.0000 0.0000 0.0000 0.0000 0.0000 0.0000 0.0000 0.0000 0.0000 0.0000 0.0000 0.0000 0.0000 0.0000 0.0000 0.0000 0.0000 0.1094 0.3125 0.4844 0.6250 0.7344 0.8125 0.8594 0.8750 0.8594 0.8125 0.7344 0.6250 0.4844 0.3125 0.1094 0.0000 0.0000 0.0000 0.0000 0.0000 0.0000
0.0000 0.0000 0.0000 0.0000 0.0000 0.0000 0.0000 0.0000 0.0000 0.0000 0.0000 0.0000 0.0000 0.0000 0.0000 0.0000 0.0000 0.0000 0.0000 0.1875 0.3906 0.5625 0.7155 0.8125 0.8906 0.9375 0.9531 0.9375 0.8906 0.8125 0.7031 0.5625 0.3906 0.1875 0.0000 0.0000 0.0000 0.0000 0.0000 0.0000
0.0000 0.0000 0.0000 0.0000 0.0000 0.0000 0.0000 0.0000 0.0000 0.0000 0.0000 0.0000 0.0000 0.0000 0.0000 0.0000 0.0000 0.0000 0.0247 0.3455 0.6103 0.8193 0.9722 1.0693 1.1103 1.0955 1.0247 0.9844 0.9375 0.8594 0.7500 0.6094 0.4375 0.2344 0.0000 0.0000 0.0000 0.0000 0.0000 0.0000
0.0000 0.0000 0.0000 0.0000 0.0000 0.0000 0.0000 0.0000 0.0000 0.0000 0.0000 0.0000 0.0000 0.0000 0.0000 0.0000 0.0000 0.0988 0.2255 0.5463 0.8111 1.0201 1.1730 1.2701 1.3111 1.2963 1.2099 1.0988 0.9531 0.8750 0.7656 0.6250 0.4531 0.2500 0.0156 0.0000 0.0000 0.0000 0.0000 0.0000
0.0000 0.0000 0.0000 0.0000 0.0000 0.0000 0.0000 0.0000 0.0000 0.0000 0.0000 0.0000 0.0000 0.0000 0.0000 0.0000 0.1235 0.2593 0.3704 0.6912 0.9560 1.1649 1.3179 1.4149 1.4560 1.4412 1.3704 1.2436 1.0610 0.8594 0.7500 0.6094 0.4375 0.2344 0.0000 0.0000 0.0000 0.0000 0.0000 0.0100
0.0000 0.0000 0.0000 0.0000 0.0000 0.0000 0.0000 0.0000 0.0000 0.0000 0.0100 0.0000 0.0000 0.0000 0.0000 0.0988 0.2593 0.3951 0.5062 0.7801 1.0449 1.2539 1.4068 1.5039 1.5449 1.5301 1.4593 1.3326 1.1499 0.9113 0.7031 0.5625 0.3906 0.1875 0.0000 0.0400 0.1256 0.1600 0.1900 0.2000
0.0000 0.0000 0.0000 0.0000 0.0000 0.0000 0.0400 0.1100 0.1600 0.1900 0.2000 0.1900 0.1600 0.1100 0.0647 0.2099 0.3704 0.5062 0.6173 0.8131 1.0779 1.2868 1.4398 1.5368 1.5779 1.5631 1.4923 1.3655 1.1829 0.9443 0.6497 0.4844 0.3125 0.2288 0.3075 0.4444 0.5300 0.5644 0.5475 0.4794
0.0000 0.0000 0.0000 0.0000 0.0100 0.1200 0.2100 0.2800 0.3300 0.3600 0.3700 0.3600 0.3300 0.2800 0.3211 0.4163 0.4668 0.5926 0.7037 0.7901 1.0550 1.2639 1.4169 1.5139 1.5550 1.5401 1.4693 1.3426 1.1599 0.9213 0.6267 0.4375 0.4363 0.4725 0.6606 0.7975 0.8831 0.9175 0.9006 0.8325
0.0000 0.0000 0.0000 0.0300 0.1600 0.2700 0.3600 0.4300 0.4800 0.5100 0.5200 0.5100 0.4800 0.4300 0.5328 0.6280 0.6785 0.6843 0.7654 0.8519 0.9761 1.1850 1.3380 1.4350 1.4761 1.4612 1.3904 1.2637 1.0810 0.8424 0.6103 0.4788 0.5975 0.7744 0.9625 1.0994 1.1850 1.2194 1.2025 1.1344
0.0000 0.0000 0.0100 0.1600 0.2900 0.4000 0.4900 0.5600 0.6100 0.6400 0.6500 0.6400 0.6100 0.5600 0.6999 0.7951 0.8456 0.8514 0.8125 0.8889 0.9506 1.0502 1.2031 1.3002 1.3412 1.3264 1.2556 1.1289 0.9462 0.7076 0.6161 0.5575 0.7856 1.0250 1.2131 1.3500 1.4356 1.4700 1.4531 1.3850
0.0000 0.0000 0.1200 0.2700 0.4000 0.5100 0.6000 0.6700 0.7200 0.7500 0.7600 0.7500 0.7200 0.6823 0.8222 0.9174 0.9679 0.9737 0.9348 0.9012 0.9630 1.0000 1.0123 1.1094 1.1505 1.1356 1.0648 0.9381 0.7554 0.6262 0.5747 0.7067 0.9850 1.2244 1.4248 1.5494 1.6350 1.6694 1.6525 1.5844
0.0000 0.0400 0.2100 0.3600 0.4900 0.6000 0.6900 0.7600 0.8100 0.8400 0.8500 0.8400 0.8100 0.7600 0.8999 0.9951 1.0456 1.0514 1.0125 0.9289 0.9506 0.9877 1.0000 0.9877 0.9506 0.8889 0.8181 0.6914 0.5556 0.5826 0.7352 0.9536 1.3060 1.5824 1.7828 1.9074 1.9560 1.9286 1.8253 1.7325
0.0000 0.1100 0.2800 0.4300 0.5600 0.6700 0.7600 0.8300 0.8800 0.9100 0.9200 0.9100 0.8800 0.8300 0.9328 1.0280 1.0785 1.0843 1.0454 0.9619 0.9136 0.9506 0.9630 0.9506 0.9136 0.8519 0.7654 0.6543 0.5185 0.6912 0.9802 1.2357 1.5880 1.8644 2.0649 2.1894 2.2380 2.2107 2.1074 1.9281
0.0000 0.1600 0.3300 0.4800 0.6100 0.7200 0.8100 0.8800 0.9300 0.9600 0.9700 0.9600 0.9300 0.8800 0.9211 1.0163 1.0668 1.0726 1.0337 0.9501 0.8519 0.8889 0.9012 0.8889 0.8519 0.7901 0.7037 0.5926 0.5959 0.8056 1.1246 1.4418 1.7941 2.0706 2.2710 2.3956 2.4441 2.4168 2.3135 2.1343
0.0000 0.1900 0.3600 0.5100 0.6400 0.7500 0.8400 0.9100 0.9600 0.9900 1.0000 0.9900 0.9600 0.9100 0.8647 0.9599 1.0104 1.0162 0.9773 0.8937 0.7654 0.8025 0.8148 0.8025 0.7654 0.7037 0.6173 0.6049 0.6296 0.8493 1.1684 1.5720 1.9243 2.2007 2.4012 2.5257 2.5743 2.5470 2.4437 2.2644
0.0100 0.2000 0.3700 0.5200 0.6500 0.7600 0.8500 0.9200 0.9700 1.0000 1.0100 1.0000 0.9700 0.9200 0.8500 0.8588 0.9093 0.9151 0.8762 0.7926 0.6643 0.6914 0.7037 0.6914 0.6543 0.5926 0.5309 0.6049 0.6296 0.7924 1.1979 1.6262 1.9786 2.2550 2.4554 2.5800 2.6286 2.6012 2.4979 2.3187
0.0000 0.1900 0.3600 0.5100 0.6400 0.7500 0.8400 0.9100 0.9600 0.9900 1.0000 0.9900 0.9600 0.9100 0.8400 0.7500 0.7635 0.7693 0.7304 0.6468 0.5185 0.5556 0.5679 0.5556 0.5185 0.4568 0.4815 0.5556 0.5802 0.7020 1.1762 1.6045 1.9569 2.2333 2.4337 2.5583 2.6069 2.5795 2.4762 2.2970
0.0000 0.1600 0.3300 0.4800 0.6100 0.7200 0.8100 0.8800 0.9300 0.9600 0.9700 0.9600 0.9300 0.8800 0.8100 0.7200 0.6100 0.5788 0.5399 0.4563 0.3580 0.3951 0.4074 0.3951 0.3580 0.2963 0.3827 0.4568 0.5185 0.6543 1.0786 1.5069 1.8592 2.1356 2.3361 2.4606 2.5092 2.4819 2.3786 2.1993
0.0000 0.1100 0.2800 0.4300 0.5600 0.6700 0.7600 0.8300 0.8800 0.9100 0.9200 0.9100 0.8800 0.8300 0.7600 0.6700 0.5600 0.4300 0.3047 0.2211 0.1728 0.2099 0.2222 0.2099 0.1728 0.1111 0.2346 0.3951 0.5556 0.6914 0.9050 1.3333 1.6856 1.9620 2.1625 2.2870 2.3356 2.3083 2.2050 2.0257
0.0000 0.0400 0.2100 0.3600 0.4900 0.6000 0.6900 0.7600 0.8100 0.8400 0.8500 0.8400 0.8100 0.7600 0.6900 0.6000 0.4900 0.3600 0.2100 0.0400 0.0000 0.0000 0.0123 0.0000 0.0000 0.0123 0.2222 0.4074 0.5679 0.7037 0.8148 1.0837 1.4361 1.7125 1.9130 2.0375 2.0861 2.0587 1.9554 1.7762
