0.0000 0.0247 0.2099 0.3704 0.5062 0.6173 0.7037 0.7654 0.8025 0.8148 0.8025 0.7654 0.7037 0.6173 0.5062 0.3704 0.2099 0.0247 0.0000 0.0000 0.0000 0.0000 0.0000 0.0000 0.0000 0.0000 0.0000 0.0000 0.0000 0.0000 0.0000 0.0000 0.0000 0.0000 0.0000 0.0000 0.0000 0.0000 0.0000 0.0000
0.0000 0.1111 0.2963 0.4568 0.5926 0.7037 0.7901 0.8519 0.8889 0.9012 0.8889 0.8519 0.7901 0.7037 0.5926 0.4568 0.2963 0.1111 0.0000 0.0000 0.0000 0.0000 0.0000 0.0000 0.0000 0.0000 0.0000 0.0000 0.0000 0.0000 0.0000 0.0000 0.0000 0.0000 0.0000 0.0000 0.0000 0.0000 0.0000 0.0000
0.0000 0.1728 0.3580 0.5185 0.6543 0.7654 0.8519 0.9136 0.9506 0.9630 0.9506 0.9136 0.8519 0.7654 0.6543 0.5185 0.3580 0.1728 0.0000 0.0000 0.0000 0.0000 0.0000 0.0000 0.0000 0.0000 0.0000 0.0000 0.0000 0.0000 0.0000 0.0000 0.0000 0.0000 0.0000 0.0000 0.0000 0.0000 0.0000 0.0000
0.0000 0.2099 0.3951 0.5556 0.6914 0.8025 0.8889 0.9506 0.9877 1.0000 0.9877 0.9506 0.8889 0.8025 0.6914 0.5556 0.3951 0.2099 0.0000 0.0000 0.0000 0.0000 0.0000 0.0000 0.0000 0.0000 0.0000 0.0000 0.0000 0.0000 0.0000 0.0000 0.0000 0.0000 0.0000 0.0000 0.0000 0.0000 0.0000 0.0000
0.0123 0.2222 0.4074 0.5679 0.7037 0.8148 0.9012 0.9630 1.0000 1.0000 1.0000 0.9630 0.9012 0.8148 0.7037 0.5679 0.4074 0.2222 0.0123 0.0000 0.0000 0.0000 0.0000 0.0000 0.0000 0.0000 0.0000 0.0000 0.0000 0.0000 0.0000 0.0000 0.0000 0.0000 0.0000 0.0000 0.0000 0.0000 0.0000 0.0000
0.0000 0.2099 0.3951 0.5556 0.6914 0.8025 0.8889 0.9506 0.9877 1.0000 0.9877 0.9506 0.8889 0.8025 0.6914 0.5556 0.3951 0.2099 0.0000 0.0000 0.0000 0.0000 0.0000 0.0000 0.0000 0.0000 0.0000 0.0000 0.0000 0.0000 0.0000 0.0000 0.0000 0.0000 0.0000 0.0000 0.0000 0.0000 0.0000 0.0000
0.0000 0.1728 0.3580 0.5185 0.6543 0.7654 0.8519 0.9136 0.9506 0.9630 0.9506 0.9136 0.8519 0.7654 0.6543 0.5185 0.3580 0.1728 0.0000 0.0000 0.0278 0.0000 0.0000 0.0000 0.0000 0.0000 0.0000 0.0000 0.0000 0.0000 0.0000 0.0000 0.0000 0.0000 0.0000 0.0000 0.0000 0.0000 0.0000 0.0000
0.0000 0.1111 0.2963 0.4568 0.5926 0.7037 0.7901 0.8519 0.8889 0.9012 0.8889 0.8519 0.7901 0.7037 0.5926 0.4568 0.2963 0.1944 0.2222 0.3056 0.3333 0.3056 0.2222 0.0833 0.0000 0.0000 0.0000 0.0000 0.0000 0.0000 0.0000 0.0000 0.0000 0.0000 0.0000 0.0000 0.0000 0.0000 0.0000 0.0000
0.0000 0.0247 0.2099 0.3704 0.5062 0.6173 0.7037 0.7654 0.8025 0.8148 0.8125 0.7654 0.7037 0.6173 0.5062 0.3704 0.3488 0.3580 0.4722 0.5556 0.5833 0.5556 0.4722 0.3333 0.1389 0.0000 0.0000 0.0000 0.0000 0.0000 0.0000 0.0000 0.0000 0.0000 0.0000 0.0000 0.0000 0.0000 0.0000 0.0000
0.0000 0.0000 0.0988 0.2593 0.3951 0.5062 0.6326 0.7643 0.8514 0.8937 0.8914 0.8443 0.7526 0.6162 0.4351 0.3426 0.4321 0.5278 0.6667 0.7500 0.7778 0.7500 0.6667 0.5278 0.3333 0.0833 0.0000 0.0000 0.0000 0.0000 0.0000 0.0000 0.0000 0.0000 0.0000 0.0000 0.0000 0.0000 0.0000 0.0000
0.0000 0.0000 0.0000 0.1235 0.2693 0.4904 0.6668 0.7985 0.8856 0.9279 0.9256 0.8785 0.7868 0.6504 0.4693 0.4657 0.4822 0.6667 0.8056 0.8889 0.9167 0.8889 0.8056 0.6667 0.4722 0.2222 0.0000 0.0000 0.0204 0.0000 0.0000 0.0000 0.0000 0.0000 0.0000 0.0000 0.0000 0.0000 0.0000 0.0000
0.0000 0.0000 0.0000 0.0300 0.2588 0.4799 0.6563 0.7880 0.8751 0.9174 0.9151 0.8680 0.7763 0.6399 0.4588 0.5756 0.7156 0.7800 0.8889 0.9722 1.0000 0.9722 0.8889 0.7500 0.5556 0.4076 0.2041 0.2653 0.2857 0.2653 0.2041 0.1020 0.0000 0.0000 0.0000 0.0000 0.0000 0.0000 0.0000 0.0000
0.0000 0.0000 0.0100 0.1600 0.2900 0.4247 0.6011 0.7328 0.8199 0.8622 0.8599 0.8128 0.7211 0.5847 0.5178 0.7333 0.8733 0.9378 0.9267 1.0000 1.0278 1.0000 0.9167 0.7778 0.7670 0.6599 0.4563 0.4898 0.5102 0.4898 0.4286 0.3265 0.1837 0.0000 0.0000 0.0000 0.0000 0.0000 0.0000 0.0000
0.0000 0.0000 0.1200 0.2700 0.4000 0.5100 0.6000 0.6700 0.7200 0.7623 0.7600 0.7500 0.7200 0.6700 0.6000 0.8156 0.9556 1.0200 1.0089 0.9722 1.0000 0.9722 0.8889 0.9337 0.9229 0.8158 0.6122 0.6735 0.6939 0.6735 0.6122 0.5102 0.3673 0.1837 0.0000 0.0000 0.0000 0.0000 0.0000 0.0000
0.0000 0.0400 0.2100 0.3600 0.4900 0.6000 0.6900 0.7600 0.8100 0.8400 0.8500 0.8400 0.8100 0.7600 0.6900 0.8222 0.9622 1.0267 1.0156 0.9289 0.9167 0.8889 0.9076 0.9932 0.9824 0.8753 0.7551 0.8163 0.8367 0.8163 0.7551 0.6531 0.5102 0.3265 0.1020 0.0000 0.0000 0.0000 0.0000 0.0000
0.0000 0.1100 0.2800 0.4300 0.5600 0.6700 0.7600 0.8300 0.8800 0.9100 0.9200 0.9100 0.8800 0.8300 0.7600 0.7533 0.8933 0.9578 0.9467 0.8600 0.7778 0.7500 0.8707 0.9563 0.9456 0.8384 0.8571 0.9184 0.9388 0.9184 0.8571 0.7551 0.6122 0.4286 0.2041 0.0000 0.0000 0.0000 0.0000 0.0000
0.0000 0.1600 0.3300 0.4800 0.6100 0.7200 0.8100 0.8800 0.9300 0.9600 0.9700 0.9600 0.9300 0.8800 0.8100 0.7200 0.7489 0.8133 0.8022 0.7156 0.5833 0.5556 0.7375 0.8231 0.8124 0.8163 0.9184 0.9796 1.0000 0.9796 0.9184 0.8163 0.6735 0.4898 0.2653 0.0000 0.0000 0.0000 0.0000 0.0000
0.0000 0.1900 0.3600 0.5100 0.6400 0.7500 0.8400 0.9100 0.9600 0.9900 1.0000 0.9900 0.9600 0.9100 0.8400 0.7500 0.6400 0.5933 0.5822 0.4956 0.3333 0.3260 0.5079 0.5935 0.6939 0.8367 0.9388 1.0000 1.0204 1.0000 0.9388 0.8367 0.6939 0.5102 0.2857 0.0204 0.0000 0.0000 0.0000 0.0000
0.0100 0.2000 0.3700 0.5200 0.6500 0.7600 0.8500 0.9200 0.9700 1.0000 1.0100 1.0000 0.9700 0.9200 0.8500 0.7600 0.6500 0.5200 0.3700 0.2000 0.0378 0.0000 0.2653 0.4898 0.6735 0.8163 0.9184 0.9796 1.0000 0.9796 0.9184 0.8163 0.6735 0.4898 0.2653 0.0000 0.0000 0.0000 0.0000 0.0000
0.0400 0.1900 0.3600 0.5100 0.6400 0.7500 0.8400 0.9100 0.9600 0.9900 1.0000 0.9900 0.9600 0.9100 0.8400 0.7500 0.6400 0.5100 0.3600 0.1900 0.0000 0.0000 0.2041 0.4286 0.6122 0.7551 0.8571 0.9184 0.9388 0.9184 0.8571 0.7551 0.6122 0.4286 0.2041 0.0000 0.0000 0.0000 0.0000 0.0000
0.4000 0.5200 0.5700 0.5200 0.6100 0.7200 0.8100 0.8800 0.9300 0.9600 0.9700 0.9600 0.9300 0.8800 0.8100 0.7200 0.6100 0.4800 0.3300 0.1600 0.0000 0.0000 0.1020 0.3265 0.5102 0.6531 0.7551 0.8163 0.8367 0.8163 0.7551 0.6531 0.5102 0.3265 0.1020 0.0000 0.0000 0.0000 0.0000 0.0000
0.6800 0.7500 0.8000 0.7500 0.6000 0.6700 0.7600 0.8300 0.8800 0.9100 0.9200 0.9100 0.8800 0.8300 0.7600 0.6700 0.5600 0.4300 0.2800 0.1100 0.0000 0.0000 0.0000 0.1837 0.3673 0.5102 0.6122 0.6735 0.6939 0.6735 0.6122 0.5102 0.3673 0.1837 0.0000 0.0000 0.0000 0.0000 0.0000 0.0000
0.8800 0.8800 0.9300 0.8800 0.7300 0.6000 0.6900 0.7600 0.8100 0.8400 0.8500 0.8400 0.8100 0.7600 0.6900 0.6000 0.4900 0.3600 0.2100 0.0400 0.0000 0.0000 0.0000 0.0000 0.1837 0.3265 0.4286 0.4898 0.5102 0.4898 0.4286 0.3265 0.1837 0.0000 0.0000 0.0000 0.0000 0.0000 0.0000 0.0000
1.0000 0.9600 0.9600 0.9100 0.7600 0.5100 0.6000 0.6700 0.7200 0.7500 0.7600 0.7500 0.7200 0.6700 0.6000 0.5100 0.4000 0.2700 0.1356 0.0000 0.0000 0.0000 0.0000 0.0000 0.0000 0.1020 0.2041 0.2653 0.2857 0.2653 0.2041 0.1020 0.0000 0.0000 0.0000 0.0000 0.0000 0.0000 0.0000 0.0000
1.0400 1.0000 0.8900 0.8400 0.6900 0.4400 0.4900 0.5600 0.6100 0.6400 0.6500 0.6400 0.6100 0.5600 0.4900 0.5094 0.4775 0.3944 0.2600 0.2344 0.1875 0.1094 0.0000 0.0000 0.0000 0.0000 0.0000 0.0000 0.0204 0.0000 0.0000 0.0000 0.0000 0.0000 0.0000 0.0000 0.0000 0.0000 0.0000 0.0000
1.0000 0.9600 0.8400 0.6700 0.5200 0.2700 0.3600 0.4300 0.4800 0.5100 0.5200 0.5100 0.4800 0.4925 0.5631 0.5825 0.5506 0.4675 0.4531 0.4375 0.3906 0.3125 0.2031 0.0625 0.0000 0.0000 0.0000 0.0000 0.0000 0.0000 0.0000 0.0000 0.0000 0.0000 0.0000 0.0000 0.0000 0.0000 0.0000 0.0000
0.8800 0.8400 0.7200 0.5200 0.2500 0.1200 0.2100 0.2800 0.3300 0.3600 0.3700 0.3600 0.3925 0.5144 0.5850 0.6044 0.5725 0.6094 0.6250 0.6094 0.5625 0.4844 0.3750 0.2344 0.0625 0.0000 0.0000 0.0000 0.0000 0.0000 0.0000 0.0000 0.0000 0.0000 0.0000 0.0000 0.0000 0.0000 0.0000 0.0000
0.6800 0.6400 0.5200 0.3200 0.0400 0.0000 0.0400 0.1100 0.1600 0.1900 0.2000 0.1900 0.3631 0.4850 0.5556 0.6250 0.7031 0.7500 0.7656 0.7500 0.7155 0.6250 0.5156 0.3750 0.2031 0.0000 0.0000 0.0000 0.0000 0.0000 0.0000 0.0000 0.0000 0.0000 0.0000 0.0000 0.0000 0.0000 0.0000 0.0000
0.4000 0.3600 0.2400 0.0400 0.0000 0.0000 0.0000 0.0000 0.0000 0.0000 0.0100 0.1094 0.3125 0.4844 0.6250 0.7344 0.8372 0.9705 1.0478 1.0693 1.0347 0.9443 0.7978 0.5955 0.3372 0.1094 0.0000 0.0000 0.0000 0.0000 0.0000 0.0000 0.0000 0.0000 0.0000 0.0000 0.0000 0.0000 0.0000 0.0000
0.0400 0.0000 0.0000 0.0000 0.0000 0.0000 0.0000 0.0000 0.0000 0.0000 0.0000 0.1875 0.3906 0.5625 0.7031 0.9113 1.1005 1.2338 1.3111 1.3326 1.2980 1.2076 1.0611 0.8588 0.6005 0.2863 0.0000 0.0000 0.0000 0.0000 0.0000 0.0000 0.0000 0.0000 0.0000 0.0000 0.0000 0.0000 0.0000 0.0000
0.0000 0.0000 0.0000 0.0000 0.0000 0.0000 0.0000 0.0000 0.0000 0.0000 0.0000 0.2344 0.4375 0.6094 0.8735 1.1186 1.3079 1.4412 1.5185 1.5399 1.5054 1.4149 1.2685 1.0662 0.8079 0.4936 0.1235 0.0000 0.0000 0.0000 0.0000 0.0000 0.0000 0.0000 0.0000 0.0000 0.0000 0.0000 0.0000 0.0000
0.0000 0.0000 0.0000 0.0000 0.0000 0.0000 0.0000 0.0000 0.0000 0.0000 0.0156 0.2500 0.4531 0.7238 1.0249 1.2701 1.4593 1.5926 1.6699 1.6914 1.6568 1.5664 1.4199 1.2176 0.9593 0.6451 0.2749 0.0988 0.0000 0.0000 0.0100 0.0000 0.0000 0.0000 0.0000 0.0000 0.0000 0.0000 0.0000 0.0000
0.0000 0.0000 0.0000 0.0000 0.0000 0.0000 0.0000 0.0000 0.0000 0.0000 0.0000 0.2344 0.4622 0.8193 1.1204 1.3655 1.5548 1.6881 1.7654 1.7868 1.7523 1.6618 1.5154 1.3131 1.0548 0.7405 0.4104 0.3199 0.1847 0.1900 0.2000 0.1900 0.1600 0.1100 0.0400 0.0000 0.0000 0.0000 0.0000 0.0000
0.0000 0.0000 0.0000 0.0000 0.0000 0.0000 0.0000 0.0000 0.0000 0.0000 0.0000 0.1875 0.5017 0.8588 1.1599 1.4051 1.5943 1.7276 1.8050 1.8264 1.7919 1.7014 1.5550 1.3526 1.1043 0.9001 0.6668 0.5763 0.4411 0.3600 0.3700 0.3600 0.3300 0.2800 0.2100 0.1200 0.0100 0.0000 0.0000 0.0000
0.0000 0.0000 0.0000 0.0000 0.0000 0.0000 0.0000 0.0000 0.0000 0.0123 0.0000 0.1094 0.4853 0.8424 1.1435 1.3887 1.5779 1.7112 1.7886 1.8100 1.7755 1.6850 1.5386 1.3662 1.2379 1.0337 0.8785 0.7880 0.6528 0.5100 0.5200 0.5100 0.4800 0.4300 0.3600 0.2700 0.1600 0.0300 0.0000 0.0000
0.0000 0.0000 0.0000 0.0000 0.0000 0.0247 0.1111 0.1728 0.2099 0.2222 0.2099 0.1728 0.5241 0.7948 1.0712 1.3164 1.5056 1.6389 1.7162 1.7377 1.7031 1.6127 1.4762 1.4239 1.2956 1.0914 1.0456 0.9551 0.8199 0.6400 0.6500 0.6400 0.6100 0.5600 0.4900 0.4000 0.2900 0.1600 0.0100 0.0000
0.0000 0.0000 0.0000 0.0000 0.0988 0.2099 0.2963 0.3580 0.3951 0.4074 0.3951 0.3704 0.5810 0.8517 1.0417 1.1881 1.3773 1.5106 1.5880 1.6094 1.5748 1.4844 1.4580 1.4056 1.2773 1.2137 1.1679 1.0774 0.9422 0.7623 0.7600 0.7500 0.7200 0.6700 0.6000 0.5100 0.4000 0.2700 0.1200 0.0000
0.0000 0.0000 0.0000 0.1235 0.2593 0.3704 0.4568 0.5185 0.5556 0.5679 0.5556 0.5185 0.6667 0.8279 1.0179 1.1273 1.1931 1.3264 1.4037 1.4252 1.3906 1.3402 1.3637 1.3114 1.2925 1.2914 1.2456 1.1551 1.0199 0.8400 0.8500 0.8400 0.8100 0.7600 0.6900 0.6000 0.4900 0.3600 0.2100 0.0400
0.0000 0.0000 0.0988 0.2593 0.3951 0.5062 0.5926 0.6543 0.6914 0.7037 0.6914 0.6543 0.7654 0.8642 0.9136 1.0230 1.0517 1.0862 1.1636 1.1850 1.1505 1.1700 1.1936 1.2819 1.3254 1.3243 1.2785 1.1880 1.0528 0.9100 0.9200 0.9100 0.8800 0.8300 0.7600 0.6700 0.5600 0.4300 0.2800 0.1100
0.0000 0.0247 0.2099 0.3704 0.5062 0.6173 0.7037 0.7654 0.8025 0.8148 0.8025 0.7654 0.8148 0.9136 0.9630 0.9630 0.9136 0.8148 0.8675 0.8889 0.9012 1.0489 1.1819 1.2701 1.3137 1.3126 1.2668 1.1763 1.0411 0.9600 0.9700 0.9600 0.9300 0.8800 0.8100 0.7200 0.6100 0.4800 0.3300 0.1600
