0.0000 0.0000 0.0000 0.0000 0.0000 0.0000 0.0000 0.0000 0.0000 0.0000 0.0625 0.2031 0.3125 0.3906 0.4375 0.4531 0.4375 0.3906 0.3125 0.2031 0.0625 0.0000 0.0000 0.0100 0.1200 0.2100 0.2800 0.3300 0.4620 0.5741 0.6253 0.6157 0.5453 0.4141 0.2220 0.0100 0.0000 0.0000 0.0000 0.0000
0.0000 0.0000 0.0000 0.0000 0.0000 0.0000 0.0000 0.0000 0.0000 0.0625 0.2344 0.3750 0.4844 0.5625 0.6094 0.6250 0.6094 0.5625 0.4844 0.3750 0.2344 0.0625 0.0300 0.1600 0.2700 0.3600 0.4300 0.6637 0.8365 0.9486 0.9998 0.9902 0.9198 0.7886 0.5965 0.3437 0.0300 0.0000 0.0000 0.0000
0.0000 0.0000 0.0000 0.0000 0.0000 0.0000 0.0000 0.0000 0.0000 0.2031 0.3750 0.5156 0.6250 0.7031 0.7500 0.7656 0.7500 0.7031 0.6250 0.5156 0.3750 0.2131 0.1600 0.2900 0.4000 0.4900 0.7437 0.9773 1.1502 1.2622 1.3135 1.3039 1.2335 1.1022 0.9102 0.6573 0.3437 0.0100 0.0000 0.0000
0.0000 0.0000 0.0000 0.0000 0.0000 0.0000 0.0000 0.0000 0.1094 0.3125 0.4844 0.6250 0.7344 0.8125 0.8594 0.8750 0.8594 0.8125 0.7344 0.6250 0.4844 0.4325 0.3794 0.4000 0.5100 0.7020 0.9965 1.2302 1.4031 1.5151 1.5663 1.5567 1.4863 1.3551 1.1631 0.9102 0.5965 0.2220 0.0000 0.0000
0.0000 0.0000 0.0000 0.0000 0.0000 0.0000 0.0000 0.0000 0.1875 0.3906 0.5625 0.7031 0.8125 0.8906 0.9375 0.9531 0.9375 0.8906 0.8125 0.7031 0.6025 0.6006 0.5475 0.4900 0.6000 0.8941 1.1886 1.4222 1.5951 1.7071 1.7584 1.7488 1.6784 1.5471 1.3551 1.1022 0.7886 0.4141 0.0400 0.0000
0.0000 0.0000 0.0000 0.0000 0.0000 0.0000 0.0000 0.0000 0.2344 0.4375 0.6094 0.7500 0.8594 0.9375 0.9844 1.0000 0.9844 0.9375 0.8594 0.7500 0.7194 0.7175 0.6644 0.5600 0.6700 1.0253 1.3198 1.5535 1.7263 1.8384 1.8896 1.8800 1.8096 1.6784 1.4863 1.2335 0.9198 0.5453 0.1100 0.0000
0.0000 0.0000 0.0000 0.0000 0.0000 0.0000 0.0000 0.0156 0.2500 0.4531 0.6250 0.7656 0.8750 0.9531 1.0000 1.0156 1.0000 0.9531 0.8750 0.7656 0.7850 0.7831 0.7300 0.6256 0.7404 1.0957 1.3902 1.6239 1.7967 1.9088 1.9600 1.9504 1.8800 1.7488 1.5567 1.3039 0.9902 0.6157 0.1960 0.0000
0.0000 0.0000 0.0000 0.0000 0.0000 0.0000 0.0000 0.0000 0.2344 0.4375 0.6094 0.7500 0.8594 0.9375 0.9844 1.0000 0.9844 0.9375 0.8594 0.7500 0.7994 0.7975 0.7444 0.6400 0.7500 1.1053 1.3998 1.6335 1.8063 1.9184 1.9696 1.9600 1.8896 1.7584 1.5663 1.4228 1.1873 0.8597 0.4400 0.2344
0.0000 0.0000 0.0000 0.0000 0.0000 0.0000 0.0000 0.0000 0.1875 0.3906 0.5625 0.7031 0.8125 0.8906 0.9375 0.9531 0.9375 0.8906 0.8125 0.7131 0.7625 0.7606 0.7075 0.6500 0.7600 1.0541 1.3486 1.5822 1.7551 1.8671 1.9184 1.9088 1.8384 1.7696 1.7182 1.5747 1.3392 1.0116 0.6531 0.4475
0.0000 0.0000 0.0000 0.0000 0.0000 0.0000 0.0000 0.0000 0.1094 0.3125 0.4844 0.6250 0.7344 0.8125 0.8594 0.8750 0.8594 0.8125 0.7344 0.6250 0.6744 0.6725 0.6194 0.6400 0.7500 0.9420 1.2365 1.4702 1.6431 1.7551 1.8063 1.7967 1.7888 1.8295 1.7781 1.6346 1.3990 1.0714 0.8150 0.6094
0.0000 0.0000 0.0000 0.0000 0.0000 0.0000 0.0000 0.0000 0.0000 0.2031 0.3750 0.5156 0.6250 0.7031 0.7500 0.7656 0.7500 0.7031 0.6250 0.5156 0.5350 0.5331 0.4800 0.6100 0.7200 0.8100 1.0637 1.2973 1.4702 1.5822 1.6335 1.6239 1.7566 1.7972 1.7458 1.6023 1.3668 1.0800 0.9256 0.7500
0.0000 0.0000 0.0000 0.0000 0.0000 0.0000 0.0000 0.0000 0.0000 0.0625 0.2344 0.3750 0.4844 0.5625 0.6094 0.6250 0.6094 0.5625 0.4844 0.3750 0.3444 0.3425 0.4300 0.5600 0.6700 0.7600 0.8300 1.0637 1.2365 1.3486 1.3998 1.4996 1.6323 1.6729 1.6215 1.4780 1.2425 1.1394 0.9850 0.8594
0.0000 0.0000 0.0000 0.0000 0.0000 0.0000 0.0000 0.0000 0.0000 0.0000 0.0625 0.2031 0.3125 0.3906 0.4375 0.4531 0.4375 0.3906 0.3125 0.2431 0.1025 0.2100 0.3600 0.4900 0.6000 0.6900 0.7600 0.8100 0.9420 1.0541 1.1053 1.2832 1.4159 1.4566 1.4052 1.3025 1.2506 1.1475 0.9931 0.9375
0.0000 0.0000 0.0000 0.0000 0.0000 0.0000 0.0000 0.0000 0.0000 0.0000 0.0000 0.0000 0.1094 0.1875 0.2344 0.2500 0.2744 0.4275 0.4694 0.4000 0.3600 0.3600 0.3100 0.4000 0.5100 0.6000 0.6700 0.7200 0.7500 0.7600 0.7500 0.9748 1.1075 1.2094 1.2600 1.2594 1.2075 1.1044 1.0000 0.9844
0.0000 0.0000 0.0000 0.0000 0.0000 0.0000 0.0000 0.0000 0.0000 0.0000 0.0000 0.0000 0.0000 0.0000 0.0000 0.0556 0.3200 0.5200 0.6400 0.6800 0.6400 0.5300 0.4800 0.3300 0.4000 0.4900 0.5600 0.6100 0.6400 0.6500 0.6556 0.8600 1.0131 1.1150 1.1656 1.1650 1.1131 1.0100 1.0156 1.0000
0.0000 0.0000 0.0000 0.0000 0.0000 0.0000 0.0000 0.0000 0.0000 0.0000 0.0000 0.0000 0.0000 0.0000 0.0000 0.2400 0.5200 0.7200 0.8400 0.8800 0.8400 0.7200 0.5500 0.4000 0.2700 0.3600 0.4300 0.4800 0.5100 0.5200 0.5100 0.7144 0.8675 0.9694 1.0200 1.0194 0.9675 0.9844 1.0000 0.9844
0.0000 0.0000 0.0000 0.0000 0.0000 0.0000 0.0000 0.0000 0.0000 0.0000 0.0000 0.0000 0.0000 0.0000 0.0000 0.3600 0.6400 0.8400 0.9600 1.0000 0.9600 0.8400 0.6400 0.3700 0.1200 0.2100 0.2800 0.3300 0.3600 0.3700 0.3600 0.5175 0.6706 0.7725 0.8231 0.8225 0.8906 0.9375 0.9688 0.9375
0.0000 0.0000 0.0000 0.0000 0.0000 0.0000 0.0000 0.0000 0.0000 0.0000 0.0000 0.0000 0.0000 0.0000 0.0400 0.4000 0.6800 0.8800 1.0000 1.0400 1.0000 0.8800 0.6800 0.4000 0.0400 0.0400 0.1100 0.1600 0.1900 0.2000 0.1900 0.2694 0.4225 0.5244 0.6250 0.8438 1.0000 1.0938 1.1250 1.0938
0.0000 0.0000 0.0000 0.0000 0.0000 0.0000 0.0000 0.0000 0.0000 0.0000 0.0000 0.0000 0.0000 0.0000 0.0000 0.3600 0.6400 0.8400 0.9600 1.0000 0.9600 0.8400 0.6400 0.3600 0.0000 0.0000 0.0000 0.0000 0.0000 0.0100 0.0000 0.0000 0.2031 0.4375 0.7188 0.9375 1.0938 1.1875 1.2188 1.1875
0.0000 0.0000 0.0000 0.0000 0.0000 0.0000 0.0000 0.0000 0.0000 0.0000 0.0000 0.0000 0.0000 0.0000 0.0000 0.2400 0.5200 0.7200 0.8400 0.8800 0.8400 0.7200 0.5200 0.2400 0.0000 0.0000 0.0000 0.0000 0.0000 0.0000 0.0000 0.0000 0.1250 0.4688 0.7500 0.9688 1.1250 1.2188 1.2500 1.2188
0.0000 0.0000 0.0000 0.0000 0.0000 0.0000 0.0000 0.0000 0.0000 0.0000 0.0000 0.0000 0.0000 0.0000 0.0000 0.0400 0.3200 0.5200 0.6400 0.6800 0.6400 0.5200 0.3200 0.0400 0.0000 0.0000 0.0000 0.0000 0.0000 0.0000 0.0000 0.0000 0.2031 0.4375 0.7188 0.9375 1.0938 1.1875 1.2188 1.1875
0.0000 0.0000 0.0000 0.0000 0.0000 0.0000 0.0000 0.0000 0.0000 0.0000 0.0000 0.0000 0.0000 0.0000 0.0000 0.0000 0.0400 0.2400 0.3600 0.4000 0.3600 0.2400 0.0400 0.0000 0.0000 0.0000 0.0000 0.0000 0.0000 0.0000 0.0000 0.1094 0.3125 0.4844 0.6250 0.8438 1.0000 1.0938 1.1250 1.0938
0.0000 0.0000 0.0000 0.0000 0.0000 0.0000 0.0000 0.0000 0.0000 0.0000 0.0000 0.0000 0.0000 0.0000 0.0000 0.0000 0.0000 0.0000 0.0000 0.0400 0.0000 0.0000 0.0000 0.0000 0.0000 0.0000 0.0000 0.0000 0.0000 0.0000 0.0000 0.1875 0.3906 0.5625 0.7031 0.8125 0.8906 0.9375 0.9688 0.9375
0.0000 0.0000 0.0000 0.0000 0.0000 0.0000 0.0000 0.0000 0.0000 0.0000 0.0000 0.0000 0.0000 0.0000 0.0000 0.0000 0.0000 0.0000 0.0000 0.0000 0.0000 0.0000 0.0000 0.0000 0.0000 0.0000 0.0000 0.0000 0.0000 0.0000 0.0000 0.2344 0.4375 0.6094 0.7500 0.8594 0.9375 0.9844 1.0000 0.9844
0.0000 0.0000 0.0000 0.0000 0.0000 0.0000 0.0000 0.0000 0.0000 0.0000 0.0000 0.0000 0.0000 0.0000 0.0000 0.0000 0.0000 0.0000 0.0000 0.0000 0.0000 0.0000 0.0000 0.0000 0.0000 0.0000 0.0000 0.0000 0.0000 0.0000 0.0156 0.2500 0.4531 0.6250 0.7656 0.8750 0.9531 1.0000 1.0156 1.0000
0.0000 0.0000 0.0000 0.0000 0.0000 0.0000 0.0000 0.0000 0.0000 0.0000 0.0000 0.0000 0.0000 0.0000 0.0000 0.0000 0.0000 0.0000 0.0000 0.0000 0.0000 0.0000 0.0000 0.0000 0.0000 0.0000 0.0000 0.0000 0.0000 0.0000 0.0000 0.2344 0.4375 0.6094 0.7500 0.8594 0.9375 0.9844 1.0000 0.9844
0.0000 0.0000 0.0000 0.0000 0.0000 0.0000 0.0000 0.0000 0.0000 0.0000 0.0000 0.0000 0.0000 0.0000 0.0000 0.0000 0.0000 0.0000 0.0000 0.0000 0.0000 0.0000 0.0000 0.0000 0.0000 0.0000 0.0000 0.0000 0.0000 0.0000 0.0000 0.1875 0.3906 0.5625 0.7031 0.8125 0.8906 0.9375 0.9531 0.9375
0.0000 0.0000 0.0000 0.0000 0.0000 0.0000 0.0000 0.0000 0.0000 0.0000 0.0000 0.0000 0.0000 0.0000 0.0000 0.0000 0.0000 0.0000 0.0000 0.0000 0.0000 0.0000 0.0000 0.0000 0.0000 0.0000 0.0000 0.0000 0.0000 0.0000 0.0000 0.1094 0.3125 0.4844 0.6250 0.7344 0.8125 0.8594 0.8750 0.8594
0.0000 0.0000 0.0000 0.0000 0.0000 0.0000 0.0000 0.0000 0.0000 0.0000 0.0000 0.0000 0.0000 0.0000 0.0000 0.0000 0.0000 0.0000 0.0000 0.0000 0.0000 0.0000 0.0000 0.0000 0.0000 0.0000 0.0000 0.0000 0.0000 0.0000 0.0000 0.0000 0.2031 0.3750 0.5156 0.6250 0.7031 0.7500 0.7656 0.7500
0.0000 0.0000 0.0000 0.0000 0.0000 0.0000 0.0000 0.0000 0.0000 0.0400 0.0000 0.0000 0.0000 0.0000 0.0000 0.0000 0.0000 0.0000 0.0000 0.0000 0.0000 0.0000 0.0000 0.0000 0.0000 0.0000 0.0000 0.0000 0.0000 0.0000 0.0000 0.0000 0.0625 0.2344 0.3750 0.4844 0.5625 0.6094 0.6250 0.6094
0.0000 0.0000 0.0000 0.0000 0.0000 0.0000 0.0400 0.2400 0.3600 0.4000 0.3600 0.2400 0.0400 0.0000 0.0000 0.0000 0.0000 0.0000 0.0000 0.0000 0.0000 0.0000 0.0000 0.0000 0.0000 0.0000 0.0000 0.0000 0.0000 0.0000 0.0000 0.0000 0.0000 0.0625 0.2031 0.3125 0.3906 0.4375 0.4531 0.4375
0.0000 0.0000 0.0000 0.0000 0.0000 0.0400 0.3200 0.5200 0.6400 0.6800 0.6400 0.5200 0.3200 0.0400 0.0000 0.0000 0.0000 0.0000 0.0000 0.0000 0.0000 0.0000 0.0000 0.0000 0.0000 0.0000 0.0000 0.0000 0.0000 0.0000 0.0204 0.0000 0.0000 0.0000 0.0000 0.1094 0.1875 0.2500 0.2500 0.2344
0.0000 0.0000 0.0000 0.0000 0.0000 0.2400 0.5200 0.7200 0.8400 0.8800 0.8400 0.7200 0.5200 0.2400 0.0000 0.0000 0.0000 0.0000 0.0000 0.0000 0.0000 0.0000 0.0000 0.0000 0.0000 0.0000 0.0000 0.1020 0.2041 0.2653 0.2857 0.2653 0.2041 0.1020 0.1094 0.1875 0.2344 0.2500 0.2500 0.1875
0.0000 0.0000 0.0000 0.0000 0.0000 0.3600 0.6400 0.8400 0.9600 1.0000 0.9600 0.8400 0.6400 0.3600 0.0000 0.0000 0.0000 0.0000 0.0000 0.0000 0.0000 0.0000 0.0000 0.0000 0.0000 0.0000 0.1837 0.3265 0.4286 0.4898 0.5102 0.4898 0.4911 0.5297 0.4962 0.3906 0.4375 0.4531 0.4375 0.3906
0.0000 0.0000 0.0000 0.0000 0.0400 0.4000 0.6800 0.8800 1.0000 1.0400 1.0000 0.8800 0.6800 0.4000 0.0400 0.0000 0.0000 0.0000 0.0000 0.0000 0.0000 0.0000 0.0000 0.0000 0.0000 0.1837 0.3673 0.5102 0.6122 0.6735 0.6939 0.7360 0.8466 0.8852 0.8517 0.7462 0.6094 0.6250 0.6094 0.5625
0.0000 0.0000 0.0000 0.0000 0.0000 0.3600 0.6400 0.8400 0.9600 1.0000 0.9600 0.8400 0.6400 0.3600 0.0000 0.0000 0.0000 0.0000 0.0000 0.0000 0.0000 0.0000 0.0000 0.0000 0.1020 0.3265 0.5102 0.6531 0.7551 0.8163 0.8367 1.0195 1.1301 1.1687 1.1352 1.0297 0.8520 0.7656 0.7500 0.7031
0.0000 0.0000 0.0000 0.0000 0.0000 0.2400 0.5200 0.7200 0.8400 0.8800 0.8400 0.7200 0.5200 0.2400 0.0000 0.0000 0.0000 0.0000 0.0000 0.0000 0.0000 0.0000 0.0000 0.0000 0.2041 0.4286 0.6122 0.7551 0.8571 0.9184 1.0482 1.2309 1.3415 1.3801 1.3466 1.2411 1.0635 0.8750 0.8594 0.8125
0.0000 0.0000 0.0000 0.0000 0.0000 0.0400 0.3200 0.5200 0.6400 0.6800 0.6400 0.5200 0.3200 0.0400 0.0000 0.0000 0.0000 0.0000 0.0000 0.0000 0.0000 0.0000 0.0000 0.0000 0.2653 0.4898 0.6735 0.8163 0.9184 0.9796 1.1875 1.3702 1.4809 1.5195 1.4860 1.3804 1.2028 0.9531 0.9375 0.8906
0.0000 0.0000 0.0000 0.0000 0.0000 0.0000 0.0400 0.2400 0.3600 0.4000 0.3600 0.2400 0.0400 0.0000 0.0000 0.0000 0.0000 0.0000 0.0000 0.0000 0.0000 0.0000 0.0000 0.0204 0.2857 0.5102 0.6939 0.8367 0.9388 1.0000 1.2548 1.4375 1.5482 1.5867 1.5533 1.4477 1.2701 1.0204 0.9844 0.9375
0.0000 0.0000 0.0000 0.0000 0.0000 0.0000 0.0000 0.0000 0.0000 0.0400 0.0000 0.0000 0.0000 0.0000 0.0000 0.0000 0.0000 0.0000 0.0000 0.0000 0.0000 0.0000 0.0000 0.0000 0.2653 0.4898 0.6735 0.8163 0.9184 0.9952 1.2500 1.4327 1.5434 1.5820 1.5485 1.4429 1.2653 1.0156 1.0000 0.9531
