0.0000 0.0000 0.0000 0.0400 0.1100 0.1600 0.1900 0.2000 0.1900 0.1600 0.1100 0.1494 0.1875 0.2344 0.2500 0.2344 0.1875 0.1094 0.0000 0.0000 0.0000 0.0000 0.0000 0.0000 0.1837 0.3265 0.4286 0.4898 0.7502 1.0098 1.1486 1.1665 1.0637 0.8400 0.7200 0.5200 0.2400 0.0000 0.0000 0.0000
0.0000 0.0100 0.1200 0.2100 0.2800 0.3300 0.3600 0.3700 0.3600 0.3925 0.4831 0.5225 0.5206 0.4475 0.4531 0.4375 0.3906 0.3125 0.2031 0.0625 0.0000 0.0000 0.0000 0.1837 0.3673 0.5102 0.6122 0.6735 1.0539 1.3135 1.4522 1.4702 1.3673 1.1437 0.8400 0.6400 0.3600 0.0000 0.0000 0.0000
0.0300 0.1600 0.2700 0.3600 0.4300 0.4800 0.5100 0.5200 0.6125 0.8244 0.9650 1.0344 1.0325 0.9594 0.8150 0.7194 0.6025 0.4844 0.3750 0.2344 0.0625 0.0000 0.1020 0.3265 0.5102 0.6531 0.7551 0.8563 1.2367 1.4963 1.6351 1.6531 1.5502 1.3265 0.9820 0.6800 0.4000 0.0400 0.0000 0.0000
0.1600 0.2900 0.4000 0.4900 0.5600 0.6100 0.6500 0.7700 1.0531 1.2650 1.4056 1.4750 1.4731 1.4000 1.2556 1.0400 0.9131 0.7450 0.5256 0.3750 0.2031 0.0000 0.2041 0.4286 0.6122 0.7551 0.8571 0.9184 1.2988 1.5584 1.6971 1.7151 1.6122 1.3886 1.0441 0.6400 0.3600 0.0000 0.0000 0.0000
0.2700 0.4000 0.5100 0.6000 0.6700 0.7500 0.9100 1.1394 1.4225 1.6344 1.7750 1.8444 1.8425 1.7694 1.6250 1.4094 1.1725 1.0044 0.7850 0.5144 0.3125 0.1094 0.2653 0.4898 0.6735 0.8163 0.9184 0.9796 1.2400 1.4996 1.6384 1.6563 1.5535 1.3298 0.9853 0.5200 0.2400 0.0000 0.0000 0.0000
0.3600 0.4900 0.6000 0.6900 0.6700 0.8700 1.0300 1.3375 1.6206 1.8325 1.9731 2.0425 2.0406 2.0675 1.9231 1.7075 1.4206 1.2125 0.9931 0.7225 0.4006 0.2079 0.2857 0.5102 0.6939 0.8367 0.9388 1.0000 1.0604 1.3200 1.4588 1.4767 1.3739 1.1502 0.8057 0.3404 0.0400 0.0000 0.0000 0.0000
0.4300 0.5600 0.6700 0.7600 0.8500 1.0500 1.2100 1.5644 1.8475 2.0594 2.2000 2.2694 2.2675 2.2944 2.1500 1.9344 1.6475 1.3694 1.1500 0.8794 0.5575 0.2344 0.2653 0.4898 0.6735 0.8163 0.9184 0.9796 1.0000 1.0196 1.1584 1.1763 1.0735 0.8498 0.5053 0.0400 0.0000 0.0000 0.0000 0.0000
0.4800 0.6100 0.7200 0.8500 0.9900 1.1900 1.3656 1.7200 2.0031 2.2150 2.3556 2.4250 2.4231 2.4500 2.3056 2.0900 1.8031 1.4750 1.2556 0.9850 0.6631 0.2900 0.2197 0.4286 0.6122 0.7551 0.8571 0.9184 0.9388 0.9184 0.8571 0.7551 0.6522 0.4286 0.2041 0.0000 0.0000 0.0000 0.0000 0.0000
0.5100 0.6400 0.7500 0.9500 1.0900 1.2900 1.4500 1.8044 2.0875 2.2994 2.4400 2.5094 2.5075 2.5344 2.3900 2.1744 1.8875 1.5294 1.3100 1.0394 0.7175 0.3444 0.1020 0.3265 0.5102 0.6531 0.7551 0.8163 0.8367 0.8163 0.7551 0.6531 0.5102 0.3265 0.1020 0.0000 0.0000 0.0000 0.0000 0.0000
0.5200 0.6500 0.7600 1.0100 1.1500 1.3500 1.5100 1.8175 2.1006 2.3125 2.4531 2.5225 2.5206 2.5475 2.4031 2.1875 1.9006 1.5425 1.3131 1.0425 0.7206 0.3475 0.0000 0.1837 0.3673 0.5102 0.6122 0.6735 0.6939 0.6735 0.6122 0.5102 0.3673 0.1837 0.0000 0.0000 0.0000 0.0000 0.0000 0.0000
0.5100 0.6400 0.7500 1.0300 1.1700 1.3700 1.5300 1.7594 2.0425 2.2544 2.3950 2.4644 2.4625 2.4894 2.3450 2.1294 1.8425 1.4844 1.2650 0.9944 0.6725 0.2994 0.0000 0.0000 0.1837 0.3265 0.4286 0.4898 0.5102 0.4898 0.4286 0.3265 0.1837 0.0000 0.0000 0.0000 0.0000 0.0000 0.0000 0.0000
0.4800 0.6100 0.7300 1.0100 1.1500 1.3500 1.5100 1.6300 1.9131 2.1250 2.2656 2.3350 2.3331 2.3600 2.2156 2.0000 1.7131 1.3850 1.1656 0.8950 0.5731 0.2000 0.0100 0.0000 0.0000 0.1020 0.2041 0.2653 0.2857 0.2653 0.2041 0.1020 0.0000 0.0000 0.0000 0.0000 0.0000 0.0000 0.0000 0.0000
0.4300 0.5600 0.6700 0.9500 1.0900 1.2900 1.4500 1.5700 1.7125 1.9244 2.0650 2.1344 2.1325 2.1594 2.0150 1.7994 1.5125 1.2344 1.0150 0.7444 0.4225 0.1900 0.0000 0.0000 0.0000 0.0000 0.0000 0.0000 0.0204 0.0000 0.0000 0.0000 0.0000 0.0000 0.0000 0.0000 0.0000 0.0000 0.0000 0.0000
0.3600 0.4900 0.6000 0.8500 0.9900 1.1900 1.3500 1.4700 1.5500 1.6525 1.7931 1.8625 1.8606 1.8875 1.7431 1.5275 1.2406 1.0325 0.8131 0.5425 0.3300 0.1600 0.0000 0.0000 0.0000 0.0000 0.0000 0.0000 0.0000 0.0000 0.0000 0.0000 0.0000 0.0000 0.0000 0.0000 0.0000 0.0000 0.0000 0.0000
0.2700 0.4000 0.5100 0.7100 0.9500 1.1500 1.3100 1.4300 1.5100 1.5500 1.5500 1.6194 1.6175 1.5444 1.4000 1.1844 0.9475 0.7794 0.5600 0.4300 0.2800 0.1100 0.0000 0.0000 0.0000 0.0000 0.0000 0.0000 0.0000 0.0000 0.0000 0.0000 0.0000 0.0000 0.0000 0.0000 0.0000 0.0000 0.0000 0.0000
0.1600 0.2900 0.4000 0.5300 0.7700 0.9700 1.1300 1.2500 1.3300 1.3700 1.3700 1.3300 1.2500 1.1300 0.9856 0.7700 0.6900 0.6000 0.4900 0.3600 0.2100 0.0400 0.0000 0.0000 0.0000 0.0000 0.0000 0.0000 0.0000 0.0000 0.0000 0.0000 0.0000 0.0000 0.0000 0.0000 0.0000 0.0000 0.0000 0.0000
0.0300 0.1600 0.2700 0.3600 0.5500 0.7500 0.9100 1.0300 1.1100 1.1500 1.1500 1.1100 1.0300 0.9100 0.7500 0.6700 0.6000 0.5100 0.4000 0.2700 0.1200 0.0000 0.0000 0.0000 0.0000 0.0000 0.0000 0.0000 0.0000 0.0000 0.0000 0.0000 0.0000 0.0000 0.0000 0.0000 0.0000 0.0000 0.0000 0.0000
0.0000 0.0100 0.1200 0.2100 0.2900 0.4900 0.6500 0.7700 0.8500 0.8900 0.9104 0.8500 0.7700 0.6500 0.6100 0.5600 0.4900 0.4000 0.2900 0.1600 0.0100 0.0000 0.0000 0.0000 0.0000 0.0000 0.0000 0.0000 0.0000 0.0000 0.0000 0.0000 0.0000 0.0000 0.0000 0.0000 0.0000 0.0000 0.0000 0.0000
0.0000 0.0000 0.0000 0.0400 0.1100 0.1900 0.3500 0.5720 0.7541 0.8553 0.8757 0.8153 0.7241 0.6120 0.4800 0.4300 0.3600 0.2700 0.1600 0.0300 0.0000 0.0000 0.0000 0.0000 0.0000 0.0000 0.0000 0.0000 0.0000 0.0000 0.0000 0.0000 0.0000 0.0000 0.0000 0.0000 0.0000 0.0000 0.0000 0.0000
0.0000 0.0000 0.0000 0.0000 0.0000 0.0000 0.1937 0.4565 0.6386 0.7698 0.8402 0.8498 0.7986 0.6865 0.5137 0.2800 0.2100 0.1200 0.0100 0.0000 0.0000 0.0000 0.0000 0.0000 0.0000 0.0000 0.0000 0.0000 0.0000 0.0000 0.0000 0.0000 0.0000 0.0000 0.0000 0.0000 0.0000 0.0000 0.0000 0.0000
0.0000 0.0000 0.0000 0.0000 0.0000 0.1837 0.3673 0.5102 0.6522 0.7835 0.8539 0.8635 0.8122 0.7002 0.5273 0.2937 0.0400 0.0000 0.0000 0.0000 0.0000 0.0000 0.0000 0.0000 0.0000 0.0000 0.0000 0.0000 0.0000 0.0000 0.0000 0.0000 0.0000 0.0000 0.0000 0.0000 0.0000 0.0000 0.0000 0.0000
0.0000 0.0000 0.0000 0.0000 0.1020 0.3265 0.5102 0.6531 0.7551 0.8163 0.8367 0.8163 0.7651 0.6531 0.5102 0.3265 0.1020 0.0000 0.0000 0.0000 0.0100 0.0000 0.0000 0.0000 0.0000 0.0000 0.0000 0.0000 0.0000 0.0000 0.0000 0.0000 0.0000 0.0000 0.0000 0.0000 0.0000 0.0000 0.0000 0.0000
0.0000 0.0000 0.0000 0.0000 0.2041 0.4286 0.6122 0.7551 0.8571 0.9184 0.9388 0.9184 0.8571 0.7551 0.6122 0.4286 0.2441 0.1100 0.1600 0.1900 0.2000 0.1900 0.1600 0.1500 0.0400 0.0000 0.0000 0.0000 0.0000 0.0000 0.0000 0.0000 0.0000 0.0000 0.0000 0.0000 0.0000 0.0000 0.0000 0.0000
0.0000 0.0000 0.0000 0.0000 0.2653 0.4898 0.6735 0.8163 0.9184 0.9796 1.0000 0.9796 0.9184 0.8163 0.6835 0.6098 0.4753 0.2800 0.3300 0.3600 0.4100 0.6000 0.6900 0.6800 0.5700 0.3600 0.0500 0.0000 0.0000 0.0000 0.0000 0.0000 0.0000 0.0000 0.0000 0.0000 0.0000 0.0000 0.0000 0.0000
0.0000 0.0000 0.0000 0.0204 0.2857 0.5102 0.6939 0.8367 0.9388 1.0000 1.0204 1.0000 0.9388 0.8667 0.8539 0.7802 0.6457 0.4504 0.4800 0.5500 0.8400 1.0300 1.1200 1.1100 1.0000 0.7900 0.4800 0.0700 0.0000 0.0000 0.0000 0.0000 0.0000 0.0000 0.0000 0.0000 0.0000 0.0000 0.0000 0.0000
0.0000 0.0000 0.0000 0.0000 0.2653 0.4898 0.6735 0.8163 0.9184 0.9796 1.0000 0.9796 0.9284 0.9763 0.9635 0.8898 0.7553 0.5600 0.6100 0.8800 1.1700 1.3600 1.4500 1.4400 1.3300 1.1200 0.8100 0.4000 0.0100 0.0000 0.0000 0.0000 0.0000 0.0000 0.0000 0.0000 0.0000 0.0000 0.0000 0.0000
0.0000 0.0000 0.0000 0.0000 0.2041 0.4286 0.6122 0.7551 0.8571 0.9184 0.9388 0.9184 0.9771 1.0251 1.0122 0.9386 0.8041 0.6700 0.7200 1.1100 1.4000 1.5900 1.6800 1.6700 1.5878 1.3500 1.0400 0.6300 0.1200 0.0000 0.0000 0.0000 0.0000 0.0000 0.0000 0.0000 0.0000 0.0000 0.0000 0.0000
0.0000 0.0000 0.0000 0.0000 0.1020 0.3265 0.5102 0.6531 0.7551 0.8163 0.8367 0.8563 0.9651 1.0131 1.0002 0.9265 0.7920 0.7600 0.8500 1.2400 1.5300 1.8033 2.0322 2.1056 2.0233 1.7856 1.3922 0.8433 0.2500 0.0400 0.0000 0.0000 0.0000 0.0000 0.0000 0.0000 0.0000 0.0000 0.0000 0.0000
0.0000 0.0000 0.0000 0.0000 0.0000 0.1837 0.3673 0.5102 0.6122 0.6735 0.6939 0.7835 0.8922 0.9402 0.9273 0.8537 0.7600 0.8300 0.8800 1.2700 1.6989 2.0833 2.3122 2.3856 2.3033 2.0656 1.6722 1.1233 0.4189 0.1100 0.0000 0.0000 0.0000 0.0000 0.0000 0.0000 0.0000 0.0000 0.0000 0.0000
0.0000 0.0000 0.0000 0.0000 0.0000 0.0000 0.1837 0.3265 0.4286 0.4898 0.5102 0.6498 0.7586 0.8065 0.7937 0.7200 0.8100 0.8800 0.9300 1.2833 1.8233 2.2078 2.4367 2.5100 2.4278 2.1900 1.7967 1.2478 0.6633 0.2433 0.0000 0.0000 0.0000 0.0000 0.0000 0.0000 0.0000 0.0000 0.0000 0.0000
0.0000 0.0000 0.0000 0.0000 0.0000 0.0000 0.0000 0.1020 0.2041 0.2653 0.2857 0.4553 0.5641 0.6120 0.6400 0.7500 0.8400 0.9100 0.9600 1.2522 1.7922 2.1767 2.4056 2.4789 2.3967 2.1589 1.7656 1.2167 0.8322 0.4122 0.0000 0.0000 0.0000 0.0000 0.0000 0.0000 0.0000 0.0000 0.0000 0.0000
0.0000 0.0000 0.0000 0.0000 0.0000 0.0000 0.0000 0.0000 0.0000 0.0000 0.0304 0.2000 0.3700 0.5200 0.6500 0.7600 0.8500 0.9200 0.9700 1.3056 1.6056 1.9900 2.2189 2.2922 2.2100 1.9722 1.5789 1.2700 0.9256 0.5056 0.0100 0.0000 0.0000 0.0000 0.0000 0.0000 0.0000 0.0000 0.0000 0.0000
0.0000 0.0000 0.0000 0.0000 0.0000 0.0000 0.0000 0.0000 0.0000 0.0000 0.0000 0.1900 0.3600 0.5100 0.6400 0.7500 0.8400 0.9100 0.9878 1.3233 1.5833 1.7678 1.8767 1.9500 1.8678 1.7500 1.5567 1.2878 0.9433 0.5233 0.0278 0.0000 0.0000 0.0000 0.0000 0.0000 0.0000 0.0000 0.0000 0.0000
0.0000 0.0000 0.0000 0.0000 0.0000 0.0000 0.0000 0.0000 0.0000 0.0000 0.0000 0.1600 0.3300 0.4800 0.6100 0.7200 0.8100 0.8800 0.9300 1.2656 1.5256 1.7100 1.8189 1.8522 1.8100 1.6922 1.4989 1.2300 0.8856 0.4656 0.0000 0.0000 0.0000 0.0000 0.0000 0.0000 0.0000 0.0000 0.0000 0.0000
0.0000 0.0000 0.0000 0.0000 0.0000 0.0000 0.0000 0.0000 0.0000 0.0000 0.0000 0.1100 0.2800 0.4300 0.5600 0.6700 0.7600 0.8300 0.8800 1.1322 1.3922 1.5767 1.6856 1.7189 1.6767 1.5589 1.3656 1.0967 0.7522 0.3322 0.0000 0.0000 0.0000 0.0000 0.0000 0.0000 0.0000 0.0000 0.0000 0.0000
0.0000 0.0000 0.0000 0.0000 0.0000 0.0000 0.0000 0.0000 0.0000 0.0000 0.0000 0.0400 0.2100 0.3600 0.4900 0.6000 0.6900 0.7600 0.8100 0.9233 1.1833 1.3678 1.4767 1.5100 1.4678 1.3500 1.1567 0.8878 0.5433 0.1233 0.0000 0.0000 0.0000 0.0000 0.0000 0.0000 0.0000 0.0000 0.0000 0.0000
0.0000 0.0000 0.0000 0.0000 0.0000 0.0000 0.0000 0.0000 0.0000 0.0000 0.0000 0.0000 0.1200 0.2700 0.4000 0.5100 0.6000 0.6700 0.7200 0.7500 0.8989 1.0833 1.1922 1.2256 1.1833 1.0656 0.8722 0.6033 0.2589 0.0000 0.0000 0.0000 0.0000 0.0000 0.0000 0.0000 0.0000 0.0000 0.0000 0.0000
0.0000 0.0000 0.0000 0.0000 0.0000 0.0000 0.0000 0.0000 0.0000 0.0000 0.0000 0.0000 0.0100 0.1600 0.2900 0.4000 0.4900 0.5600 0.6100 0.6400 0.6500 0.7233 0.8322 0.8656 0.8233 0.7056 0.5122 0.2433 0.0100 0.0000 0.0000 0.0000 0.0000 0.0000 0.0000 0.0000 0.0000 0.0000 0.0000 0.0000
0.0000 0.0000 0.0000 0.0000 0.0000 0.0000 0.0000 0.0000 0.0000 0.0000 0.0000 0.0000 0.0000 0.0300 0.1600 0.2700 0.3600 0.4300 0.4800 0.5100 0.5200 0.5100 0.4800 0.4300 0.3878 0.2700 0.1600 0.0300 0.0000 0.0000 0.0000 0.0000 0.0000 0.0000 0.0000 0.0000 0.0000 0.0000 0.0000 0.0000
0.0000 0.0000 0.0000 0.0000 0.0000 0.0000 0.0000 0.0000 0.0000 0.0000 0.0000 0.0000 0.0000 0.0000 0.0100 0.1200 0.2100 0.2800 0.3300 0.3600 0.3700 0.3600 0.3300 0.2800 0.2100 0.1200 0.0100 0.0000 0.0000 0.0000 0.0000 0.0000 0.0000 0.0000 0.0000 0.0000 0.0000 0.0000 0.0000 0.0000
