0.0000 0.0000 0.0000 0.0100 0.1600 0.2900 0.4000 0.4900 0.5600 0.6100 0.6400 0.6500 0.6400 0.6100 0.5600 0.4900 0.4000 0.2900 0.1600 0.0100 0.0000 0.0000 0.0000 0.0000 0.0000 0.0000 0.0000 0.0000 0.0000 0.0000 0.0000 0.0000 0.0000 0.0000 0.0000 0.0000 0.0000 0.0000 0.0000 0.0000
0.0000 0.0000 0.0000 0.1200 0.2700 0.4000 0.5100 0.6000 0.6700 0.7200 0.7500 0.7600 0.7500 0.7200 0.6700 0.6000 0.5100 0.4000 0.2700 0.1200 0.0000 0.0000 0.0000 0.0000 0.0000 0.0000 0.0000 0.0000 0.0000 0.0000 0.0000 0.0000 0.0000 0.0000 0.0000 0.0000 0.0000 0.0000 0.0000 0.0000
0.0000 0.0000 0.0400 0.2100 0.3600 0.4900 0.6000 0.6900 0.7600 0.8100 0.8400 0.8500 0.8400 0.8100 0.7600 0.6900 0.6000 0.4900 0.3600 0.2100 0.0400 0.0123 0.0000 0.0000 0.0000 0.0000 0.0000 0.0000 0.0000 0.0000 0.0000 0.0000 0.0000 0.0000 0.0000 0.0000 0.0000 0.0000 0.0000 0.0000
0.0000 0.0000 0.1100 0.2800 0.4300 0.5600 0.6700 0.7600 0.8300 0.8800 0.9100 0.9200 0.9100 0.8800 0.8300 0.7600 0.6700 0.5847 0.5411 0.4528 0.3199 0.2222 0.2099 0.1728 0.1111 0.0247 0.0000 0.0000 0.0000 0.0000 0.0000 0.0000 0.0000 0.0000 0.0000 0.0000 0.0000 0.0000 0.0000 0.0000
0.0000 0.0000 0.1600 0.3300 0.4800 0.6100 0.7200 0.8100 0.8800 0.9300 0.9600 0.9700 0.9600 0.9300 0.8800 0.8100 0.8188 0.8199 0.7763 0.6880 0.5551 0.4074 0.3951 0.3580 0.2963 0.2099 0.0988 0.0000 0.0000 0.0000 0.0000 0.0000 0.0000 0.0000 0.0000 0.0000 0.0000 0.0000 0.0000 0.0000
0.0000 0.0000 0.1900 0.3600 0.5100 0.6400 0.7500 0.8400 0.9100 0.9600 0.9900 1.0000 0.9900 0.9600 0.9100 0.9635 1.0093 1.0104 0.9668 0.8785 0.7456 0.5679 0.5556 0.5185 0.4568 0.3704 0.2593 0.1235 0.0000 0.0000 0.0000 0.0000 0.0000 0.0000 0.0000 0.0000 0.0000 0.0000 0.0000 0.0000
0.0000 0.0100 0.2000 0.3700 0.5200 0.6500 0.7600 0.8500 0.9200 0.9700 1.0000 1.0100 1.0000 0.9700 1.0188 1.1093 1.1551 1.1562 1.1126 1.0243 0.8914 0.7137 0.6914 0.6543 0.5926 0.5062 0.3951 0.2593 0.0988 0.0000 0.0000 0.0000 0.0000 0.0000 0.0000 0.0000 0.0000 0.0000 0.0000 0.0000
0.0000 0.0000 0.1900 0.3600 0.5100 0.6400 0.7500 0.8400 0.9100 0.9600 0.9900 1.0000 0.9900 0.9847 1.1199 1.2104 1.2562 1.2573 1.2137 1.1254 0.9925 0.8148 0.8025 0.7654 0.7037 0.6173 0.5062 0.3704 0.2099 0.0247 0.0000 0.0000 0.0000 0.0000 0.0000 0.0000 0.0000 0.0000 0.0000 0.0000
0.0000 0.0000 0.1600 0.3300 0.4800 0.6100 0.7200 0.8100 0.8800 0.9300 0.9600 0.9700 0.9600 1.0411 1.1763 1.2668 1.3126 1.3137 1.2701 1.1819 1.0489 0.9012 0.8889 0.8519 0.7901 0.7037 0.5926 0.4568 0.2963 0.1111 0.0000 0.0000 0.0000 0.0000 0.0000 0.0000 0.0000 0.0000 0.0000 0.0000
0.0000 0.0000 0.1100 0.2800 0.4300 0.5600 0.6700 0.7600 0.8300 0.8800 0.9100 0.9200 0.9100 1.0528 1.1880 1.2785 1.3243 1.3254 1.2819 1.1936 1.0606 0.9630 0.9506 0.9136 0.8519 0.7654 0.6543 0.5185 0.3580 0.1728 0.0000 0.0000 0.0000 0.0000 0.0000 0.0000 0.0000 0.0000 0.0000 0.0000
0.0000 0.0000 0.0400 0.2100 0.3600 0.4900 0.6000 0.6900 0.7600 0.8100 0.8400 0.8500 0.8400 1.0199 1.1551 1.2456 1.2914 1.2925 1.2489 1.1606 1.0277 1.0000 0.9877 0.9506 0.8889 0.8025 0.6914 0.5556 0.3951 0.2099 0.0000 0.0000 0.0000 0.0000 0.0000 0.0000 0.0000 0.0000 0.0000 0.0000
0.0000 0.0000 0.0000 0.1200 0.2700 0.4000 0.5100 0.6000 0.6700 0.7200 0.7500 0.7600 0.7623 0.9422 1.0774 1.1679 1.2137 1.2148 1.1712 1.0830 1.0000 1.0123 1.0000 0.9630 0.9012 0.8148 0.7037 0.5679 0.4074 0.2222 0.0123 0.0000 0.0000 0.0000 0.0000 0.0000 0.0000 0.0000 0.0000 0.0000
0.0000 0.0000 0.0000 0.0100 0.1600 0.2900 0.4000 0.4900 0.5600 0.6100 0.6400 0.6500 0.6400 0.8199 0.9551 1.0456 1.0914 1.0925 1.0489 0.9606 0.9877 1.0000 0.9877 0.9506 0.8889 0.8025 0.6914 0.5556 0.3951 0.2099 0.0000 0.0000 0.0000 0.0000 0.0000 0.0000 0.0000 0.0000 0.0000 0.0000
0.0000 0.0000 0.0000 0.0000 0.0300 0.1600 0.2700 0.3600 0.4300 0.4800 0.5100 0.5200 0.5223 0.6528 0.7880 0.8785 0.9243 0.9254 0.8819 0.9136 0.9506 0.9630 0.9506 0.9136 0.8519 0.7654 0.6543 0.5185 0.3580 0.1728 0.0000 0.0000 0.0000 0.0000 0.0000 0.0000 0.0000 0.0000 0.0000 0.0000
0.0000 0.0000 0.0000 0.0000 0.0000 0.0100 0.1200 0.2100 0.3047 0.4411 0.5328 0.5799 0.5822 0.6510 0.7491 0.7779 0.7373 0.7137 0.7901 0.8519 0.8889 0.9012 0.8889 0.8519 0.7901 0.7037 0.5926 0.4568 0.2963 0.1111 0.0000 0.0000 0.0000 0.0000 0.0278 0.0000 0.0000 0.0000 0.0000 0.0000
0.0000 0.0000 0.0000 0.0000 0.0000 0.0000 0.0000 0.1388 0.3199 0.4563 0.5480 0.5951 0.5974 0.5798 0.6779 0.7067 0.7160 0.7160 0.7037 0.7654 0.8025 0.8148 0.8025 0.7654 0.7037 0.6173 0.5062 0.3704 0.2099 0.0247 0.0000 0.0833 0.2222 0.3056 0.3333 0.3056 0.2222 0.0833 0.0000 0.0000
0.0000 0.0000 0.0000 0.0000 0.0000 0.0000 0.1235 0.2593 0.3704 0.4568 0.5185 0.5656 0.5679 0.5556 0.6173 0.7160 0.7654 0.7654 0.7160 0.6543 0.6914 0.7037 0.6914 0.6543 0.5926 0.5062 0.3951 0.2593 0.0988 0.0000 0.1389 0.3333 0.4722 0.5556 0.5833 0.5556 0.4722 0.3333 0.1389 0.0000
0.0000 0.0000 0.0000 0.0000 0.0000 0.0988 0.2593 0.3951 0.5062 0.5926 0.6543 0.6914 0.7037 0.6914 0.6543 0.7160 0.7654 0.7654 0.7160 0.6173 0.5556 0.5679 0.5556 0.5185 0.4568 0.3704 0.2593 0.1235 0.0000 0.0833 0.3333 0.5278 0.6667 0.7500 0.7778 0.7500 0.6667 0.5278 0.3333 0.0833
0.0000 0.0000 0.0000 0.0000 0.0247 0.2099 0.3704 0.5062 0.6173 0.7037 0.7654 0.8025 0.8148 0.8025 0.7654 0.7037 0.7160 0.7160 0.6667 0.5679 0.4198 0.4074 0.3951 0.3580 0.2963 0.2099 0.0988 0.0000 0.0000 0.2222 0.4722 0.6667 0.8056 0.8889 0.9167 0.8889 0.8056 0.6667 0.4722 0.2222
0.0000 0.0000 0.0000 0.0000 0.1111 0.2963 0.4568 0.5926 0.7037 0.7901 0.8519 0.8889 0.9012 0.8889 0.8519 0.7901 0.7037 0.6173 0.5679 0.4691 0.3210 0.2222 0.2099 0.1728 0.1111 0.0247 0.0000 0.0000 0.0000 0.3056 0.5556 0.7500 0.8889 0.9722 1.0000 0.9722 0.8889 0.7500 0.5556 0.3056
0.0000 0.0000 0.0000 0.0000 0.1728 0.3580 0.5185 0.6543 0.7654 0.8519 0.9136 0.9506 0.9630 0.9506 0.9136 0.8519 0.7654 0.6543 0.5185 0.3580 0.1728 0.0123 0.0000 0.0000 0.0000 0.0000 0.0000 0.0000 0.0278 0.3333 0.5833 0.7778 0.9167 1.0000 1.0278 1.0000 0.9167 0.7778 0.5833 0.3333
0.0000 0.0000 0.0000 0.0000 0.2099 0.3951 0.5556 0.6914 0.8025 0.8889 0.9506 0.9877 1.0000 0.9877 0.9506 0.8889 0.8025 0.6914 0.5556 0.3951 0.2099 0.0000 0.0000 0.0400 0.0000 0.0000 0.0000 0.0000 0.0000 0.3056 0.5556 0.7500 0.8889 0.9722 1.0000 0.9722 0.8889 0.7500 0.5556 0.3056
0.0000 0.0000 0.0000 0.0123 0.2222 0.4074 0.5679 0.7037 0.8148 0.9012 0.9630 1.0000 1.0123 1.0000 0.9630 0.9012 0.8148 0.7037 0.5679 0.4074 0.2622 0.2523 0.3600 0.4000 0.3600 0.2400 0.0400 0.0000 0.0000 0.2222 0.4722 0.6667 0.8056 0.8889 0.9167 0.8889 0.8056 0.6667 0.4722 0.2222
0.0000 0.0000 0.0000 0.0000 0.2099 0.3951 0.5556 0.6914 0.8025 0.8889 0.9506 0.9877 1.0000 0.9877 0.9506 0.8889 0.8025 0.6914 0.5556 0.4351 0.5299 0.5200 0.6400 0.6800 0.6400 0.5200 0.3200 0.0400 0.0000 0.0833 0.3333 0.5278 0.6667 0.7500 0.7778 0.7500 0.6667 0.5278 0.3333 0.0833
0.0000 0.0000 0.0000 0.0000 0.1728 0.3580 0.5185 0.6543 0.7654 0.8519 0.9136 0.9506 0.9630 0.9506 0.9136 0.8519 0.7654 0.6543 0.5185 0.5980 0.6928 0.7200 0.8400 0.8800 0.8400 0.7200 0.5200 0.2400 0.0000 0.0000 0.1389 0.3333 0.4722 0.5556 0.5833 0.5556 0.4722 0.3333 0.1389 0.0000
0.0000 0.0000 0.0000 0.0000 0.1111 0.2963 0.4568 0.5926 0.7193 0.7901 0.8519 0.8889 0.9012 0.8889 0.8519 0.7901 0.7037 0.5926 0.4568 0.6563 0.7511 0.8400 0.9600 1.0000 0.9600 0.8400 0.6400 0.3600 0.0000 0.0000 0.0000 0.0833 0.2222 0.3056 0.3333 0.3056 0.2222 0.0833 0.0000 0.0000
0.0000 0.0000 0.0000 0.0000 0.0247 0.3193 0.5579 0.7405 0.8673 0.9381 0.9529 0.9118 0.8148 0.8181 0.7654 0.7037 0.6173 0.5062 0.4104 0.6099 0.7047 0.8800 1.0000 1.0400 1.0000 0.8800 0.6800 0.4000 0.0400 0.0000 0.0000 0.0000 0.0000 0.0000 0.0278 0.0000 0.0000 0.0000 0.0000 0.0000
0.0000 0.0000 0.0000 0.0625 0.2031 0.4113 0.6499 0.8326 0.9593 1.0301 1.1543 1.1914 1.1412 1.0139 0.8887 0.7801 0.6155 0.3951 0.2593 0.4588 0.6400 0.8400 0.9600 1.0000 0.9600 0.8400 0.6400 0.3600 0.0000 0.0000 0.0000 0.0100 0.0000 0.0000 0.0000 0.0000 0.0000 0.0000 0.0000 0.0000
0.0000 0.0000 0.0625 0.2344 0.3750 0.4844 0.6860 0.8686 1.0579 1.3093 1.5035 1.5906 1.5704 1.4431 1.2085 1.0074 0.7929 0.5024 0.1860 0.2400 0.5200 0.7200 0.8400 0.8800 0.8400 0.7200 0.5200 0.2800 0.1100 0.1600 0.1900 0.2000 0.1900 0.1600 0.1100 0.0400 0.0000 0.0000 0.0000 0.0000
0.0000 0.0000 0.2031 0.3750 0.5156 0.6250 0.7031 0.9213 1.3299 1.6313 1.8255 1.9126 1.8924 1.7651 1.5305 1.1888 0.9743 0.6838 0.3544 0.1125 0.3200 0.5200 0.6400 0.6800 0.6400 0.5300 0.4400 0.2500 0.2800 0.3300 0.3600 0.3700 0.3600 0.3300 0.2800 0.2100 0.1200 0.0100 0.0000 0.0000
0.0000 0.1094 0.3125 0.4844 0.6250 0.7344 0.8425 1.2225 1.5447 1.8461 2.0403 2.1274 2.1072 1.9799 1.7453 1.4036 1.0797 0.8756 0.6450 0.3631 0.0700 0.2400 0.3600 0.4000 0.3900 0.4000 0.3100 0.3600 0.4300 0.4800 0.5100 0.5200 0.5100 0.4800 0.4300 0.3600 0.2700 0.1600 0.0300 0.0000
0.0000 0.1875 0.3906 0.5625 0.7031 0.8225 1.1600 1.5400 1.8375 2.0525 2.1850 2.2350 2.2148 2.0875 1.8900 1.6100 1.2944 1.1150 0.8844 0.6025 0.2694 0.0100 0.0000 0.0500 0.1600 0.2900 0.4000 0.4900 0.5600 0.6100 0.6400 0.6500 0.6400 0.6100 0.5600 0.4900 0.4000 0.2900 0.1600 0.0100
0.0000 0.2344 0.4375 0.6094 0.7500 0.9794 1.3950 1.7750 2.0725 2.2875 2.4200 2.4700 2.4375 2.3225 2.1250 1.8450 1.4825 1.3031 1.0725 0.7906 0.4575 0.1200 0.0000 0.1200 0.2700 0.4000 0.5100 0.6000 0.6700 0.7200 0.7500 0.7600 0.7500 0.7200 0.6700 0.6000 0.5100 0.4000 0.2700 0.1200
0.0156 0.2500 0.4531 0.6250 0.8056 1.0850 1.5475 1.9275 2.2250 2.4400 2.5725 2.6225 2.5900 2.4750 2.2775 1.9975 1.6350 1.4400 1.2094 0.9275 0.5944 0.2100 0.0800 0.2100 0.3600 0.4900 0.6000 0.6900 0.7600 0.8100 0.8400 0.8500 0.8400 0.8100 0.7600 0.6900 0.6000 0.4900 0.3600 0.2100
0.0000 0.2344 0.4375 0.6094 0.8600 1.1550 1.6175 1.9975 2.2950 2.5100 2.6425 2.6925 2.6600 2.5294 2.3475 2.0675 1.7050 1.5256 1.2950 1.0131 0.6800 0.2956 0.2200 0.2800 0.4300 0.5600 0.6700 0.7600 0.8300 0.8800 0.9100 0.9200 0.9100 0.8800 0.8300 0.7600 0.6700 0.5600 0.4300 0.2800
0.0000 0.1875 0.3906 0.5625 0.8631 1.1425 1.6050 1.9850 2.2825 2.4975 2.6300 2.6800 2.6475 2.5325 2.3350 2.0550 1.7394 1.5600 1.3294 1.0475 0.7144 0.3300 0.3200 0.3300 0.4800 0.6100 0.7200 0.8100 0.8800 0.9300 0.9600 0.9700 0.9600 0.9300 0.8800 0.8100 0.7200 0.6100 0.4800 0.3300
0.0000 0.1094 0.3125 0.4844 0.8150 1.0944 1.5100 1.8900 2.1875 2.4025 2.5350 2.5850 2.5525 2.4375 2.2400 1.9600 1.7225 1.5431 1.3125 1.0306 0.6975 0.3600 0.3800 0.3600 0.5100 0.6400 0.7500 0.8400 0.9100 0.9600 0.9900 1.0000 0.9900 0.9600 0.9100 0.8400 0.7500 0.6400 0.5100 0.3600
0.0000 0.0000 0.2031 0.3850 0.7156 0.9950 1.3325 1.7125 2.0100 2.2250 2.3575 2.4075 2.3750 2.2500 2.0625 1.7825 1.6544 1.4750 1.2444 0.9625 0.6294 0.3800 0.4000 0.3800 0.5200 0.6500 0.7600 0.8500 0.9200 0.9700 1.0000 1.0100 1.0000 0.9700 0.9200 0.8500 0.7600 0.6500 0.5200 0.3700
0.0000 0.0000 0.0625 0.2344 0.5650 0.8444 1.0725 1.4525 1.7500 1.9650 2.0975 2.1475 2.1150 2.0000 1.8025 1.6631 1.5350 1.3556 1.1250 0.8431 0.5100 0.3600 0.3800 0.3600 0.5100 0.6400 0.7500 0.8400 0.9100 0.9600 0.9900 1.0000 0.9900 0.9600 0.9100 0.8400 0.7500 0.6400 0.5100 0.3600
0.0000 0.0000 0.0000 0.0625 0.3631 0.6425 0.8706 1.1100 1.4075 1.6225 1.7550 1.8050 1.7725 1.6575 1.5694 1.4925 1.3644 1.1850 0.9544 0.6725 0.4800 0.3300 0.3200 0.3300 0.4800 0.6100 0.7200 0.8100 0.8800 0.9300 0.9600 0.9700 0.9600 0.9300 0.8800 0.8100 0.7200 0.6100 0.4800 0.3300
