<<<<<<< HEAD
0.0000 0.0000 0.0000 0.0000 0.0000 0.0000 0.0000 0.0000 0.0000 0.0000 0.0000 0.0000 0.0000 0.0000 0.0000 0.0000 0.0000 0.0000 0.0000 0.0000 0.0000 0.0000 0.0000 0.0000 0.0000 0.0000 0.0000 0.0000 0.0000 0.0000 0.0000 0.0000 0.0000 0.0000 0.0000 0.0000 0.0000 0.0000 0.0000 0.0000
0.0000 0.0000 0.0000 0.0000 0.0000 0.0000 0.0000 0.0000 0.0000 0.0000 0.0000 0.0000 0.0000 0.0000 0.0000 0.0000 0.0000 0.0000 0.0000 0.0000 0.0000 0.0000 0.0000 0.0000 0.0000 0.0000 0.0000 0.0000 0.0000 0.0000 0.0000 0.0000 0.0000 0.0000 0.0000 0.0000 0.0000 0.0000 0.0000 0.0000
0.0000 0.0000 0.0000 0.0000 0.0000 0.0000 0.0000 0.0000 0.0000 0.0000 0.0000 0.0000 0.0000 0.0000 0.0000 0.0000 0.0000 0.0000 0.0000 0.0000 0.0000 0.0000 0.0000 0.0000 0.0000 0.0000 0.0000 0.0000 0.0000 0.0000 0.0000 0.0000 0.0000 0.0000 0.0000 0.0000 0.0000 0.0000 0.0000 0.0000
0.0000 0.0000 0.0000 0.0000 0.0000 0.0000 0.0000 0.0000 0.0000 0.0000 0.0000 0.0000 0.0000 0.0000 0.0000 0.0000 0.0000 0.0000 0.0000 0.0000 0.0000 0.0000 0.0000 0.0000 0.0000 0.0000 0.0000 0.0000 0.0000 0.0000 0.0000 0.0000 0.0000 0.0000 0.0000 0.0000 0.0000 0.0000 0.0000 0.0000
0.0000 0.0000 0.0000 0.0000 0.0000 0.0000 0.0000 0.0000 0.0000 0.0000 0.0000 0.0000 0.0000 0.0000 0.0000 0.0000 0.0000 0.0000 0.0000 0.0000 0.0000 0.0000 0.0000 0.0000 0.0000 0.0000 0.0000 0.0000 0.0000 0.0000 0.0000 0.0000 0.0000 0.0000 0.0000 0.0000 0.0000 0.0000 0.0000 0.0000
0.0000 0.0000 0.0000 0.0000 0.0000 0.0204 0.0000 0.0000 0.0000 0.0000 0.0000 0.0000 0.0000 0.0000 0.0000 0.0000 0.0000 0.0000 0.0000 0.0000 0.0000 0.0000 0.0000 0.0000 0.0000 0.0000 0.0000 0.0000 0.0000 0.0000 0.0000 0.0000 0.0000 0.0000 0.0000 0.0000 0.0000 0.0000 0.0000 0.0000
0.0000 0.0000 0.1020 0.2041 0.2653 0.2857 0.3053 0.2041 0.1020 0.0000 0.0000 0.0000 0.0000 0.0000 0.0000 0.0000 0.0000 0.0000 0.0000 0.0000 0.0000 0.0000 0.0000 0.0000 0.0000 0.0000 0.0000 0.0000 0.0000 0.0000 0.0000 0.0000 0.0000 0.0000 0.0000 0.0000 0.0000 0.0000 0.0000 0.0000
0.0000 0.1837 0.3265 0.4686 0.7298 0.8702 0.8898 0.7886 0.5665 0.2237 0.0000 0.0000 0.0000 0.0000 0.0000 0.0000 0.0000 0.0000 0.0000 0.0000 0.0000 0.0000 0.0000 0.0000 0.0000 0.0000 0.0000 0.0000 0.0000 0.0000 0.0000 0.0000 0.0000 0.0000 0.0000 0.0000 0.0000 0.0000 0.0000 0.0000
0.1837 0.3673 0.5502 0.9322 1.1935 1.3339 1.3535 1.2522 1.0302 0.6873 0.2237 0.0000 0.0000 0.0000 0.0000 0.0000 0.0000 0.0000 0.0000 0.0000 0.0000 0.0000 0.0000 0.0000 0.0000 0.0000 0.0000 0.0000 0.0000 0.0000 0.0000 0.0000 0.0000 0.0000 0.0000 0.0000 0.0000 0.0000 0.0000 0.0000
0.3265 0.5102 0.8931 1.2751 1.5363 1.6767 1.6963 1.5951 1.3731 1.0302 0.5665 0.1020 0.0000 0.0000 0.0000 0.0000 0.0000 0.0000 0.0000 0.0000 0.0000 0.0000 0.0000 0.0000 0.0000 0.0000 0.0000 0.0000 0.0000 0.0000 0.0000 0.0000 0.0000 0.0000 0.0000 0.0000 0.0000 0.0000 0.0000 0.0000
0.4286 0.6122 1.1151 1.4971 1.7584 1.8988 1.9184 1.8171 1.5951 1.2522 0.7886 0.2041 0.0000 0.0000 0.0000 0.0000 0.0000 0.0000 0.0000 0.0000 0.0000 0.0000 0.0000 0.0000 0.0000 0.0000 0.0000 0.0000 0.0000 0.0000 0.0000 0.0000 0.0000 0.0000 0.0000 0.0000 0.0000 0.0000 0.0000 0.0000
0.4898 0.7135 1.2163 1.5984 1.8596 2.0000 2.0196 1.9184 1.6963 1.3535 0.8898 0.3053 0.0000 0.0000 0.0000 0.0000 0.0000 0.0000 0.0000 0.0000 0.0000 0.0000 0.0000 0.0000 0.0000 0.0000 0.0000 0.0000 0.0000 0.0000 0.0000 0.0000 0.0000 0.0000 0.0000 0.0000 0.0000 0.0000 0.0000 0.0000
0.5102 0.6939 1.1967 1.5788 1.8400 1.9600 2.0000 1.8988 1.6767 1.3339 0.8702 0.2857 0.0204 0.0123 0.0000 0.0000 0.0000 0.0000 0.0000 0.0000 0.0204 0.0000 0.0000 0.0000 0.0000 0.0000 0.0000 0.0000 0.0000 0.0000 0.0000 0.0000 0.0000 0.0000 0.0000 0.0000 0.0000 0.0000 0.0000 0.0000
0.4898 0.6735 1.0563 1.4384 1.6996 1.8400 1.8596 1.7584 1.5363 1.2182 0.8409 0.4381 0.2099 0.2222 0.2099 0.1728 0.1111 0.1267 0.2041 0.2653 0.2857 0.2653 0.2041 0.1020 0.0000 0.0000 0.0000 0.0000 0.0000 0.0000 0.0000 0.0000 0.0000 0.0000 0.0000 0.0000 0.0000 0.0000 0.0000 0.0000
0.4286 0.6122 0.7951 1.1771 1.4384 1.5788 1.5984 1.4971 1.3739 1.1421 0.7649 0.5621 0.3951 0.4074 0.3951 0.3580 0.4800 0.5364 0.5273 0.4898 0.5102 0.4898 0.4286 0.3265 0.1837 0.0000 0.0000 0.0000 0.0000 0.0000 0.0000 0.0000 0.0000 0.0000 0.0000 0.0000 0.0000 0.0000 0.0000 0.0000
0.3265 0.5102 0.6531 0.7951 1.0563 1.1967 1.2163 1.2386 1.1523 0.9206 0.7833 0.6206 0.5556 0.5679 0.5556 0.7022 0.8241 0.8806 0.8715 0.7969 0.6939 0.6735 0.6122 0.5102 0.3673 0.1837 0.0000 0.0000 0.0000 0.0000 0.0000 0.0000 0.0000 0.0000 0.0000 0.0000 0.0000 0.0000 0.0000 0.0000
0.1837 0.3673 0.5102 0.6122 0.6735 0.6939 0.8122 0.8715 0.9053 0.8735 0.7763 0.6543 0.6914 0.7037 0.7934 0.9809 1.1028 1.1592 1.1502 1.0756 0.9355 0.8163 0.7551 0.6531 0.5102 0.3265 0.1020 0.0000 0.0000 0.0000 0.0000 0.0000 0.0000 0.0000 0.0000 0.0000 0.0000 0.0000 0.0000 0.0000
0.0000 0.1837 0.3265 0.4286 0.4898 0.5349 0.6997 0.7989 0.8327 0.8010 0.7037 0.7654 0.8025 0.8148 1.0066 1.1940 1.3159 1.3724 1.3633 1.2887 1.1487 0.9431 0.8571 0.7551 0.6122 0.4286 0.2041 0.0000 0.0000 0.0000 0.0000 0.0000 0.0000 0.0000 0.0000 0.0000 0.0000 0.0000 0.0000 0.0000
0.0000 0.0000 0.1020 0.2041 0.2653 0.3968 0.5616 0.6609 0.6946 0.7037 0.7901 0.8519 0.8889 0.9012 1.1542 1.3416 1.4636 1.5200 1.5110 1.4364 1.2963 1.0907 0.9184 0.8163 0.6735 0.4898 0.2653 0.0000 0.0000 0.0000 0.0000 0.0000 0.0000 0.0000 0.0000 0.0000 0.0000 0.0000 0.0000 0.0000
0.0000 0.0000 0.0000 0.0000 0.0000 0.1932 0.3580 0.5185 0.6543 0.7654 0.8519 0.9136 0.9506 0.9834 1.2363 1.4238 1.5457 1.6022 1.5931 1.5185 1.3580 1.1728 0.9388 0.8367 0.6939 0.5102 0.2857 0.0204 0.0000 0.0000 0.0000 0.0000 0.0000 0.0000 0.0000 0.0000 0.0000 0.0000 0.0000 0.0000
0.0000 0.0000 0.0000 0.0000 0.0000 0.2099 0.3951 0.5556 0.6914 0.8025 0.8889 0.9506 0.9877 1.0000 1.2530 1.4404 1.5624 1.6188 1.6097 1.5351 1.3951 1.1895 0.9184 0.8163 0.6735 0.4898 0.2653 0.0000 0.0000 0.0000 0.0000 0.0000 0.0000 0.0000 0.0000 0.0000 0.0000 0.0000 0.0000 0.0000
0.0000 0.0000 0.0000 0.0000 0.0123 0.2222 0.4074 0.5679 0.7037 0.8148 0.9012 0.9630 1.0000 1.0000 1.2041 1.3915 1.5135 1.5699 1.5608 1.4863 1.3462 1.1406 0.8695 0.7551 0.6122 0.4286 0.2041 0.0000 0.0000 0.0000 0.0000 0.0000 0.0000 0.0000 0.0000 0.0000 0.0000 0.0000 0.0000 0.0000
0.0000 0.0000 0.0000 0.0000 0.0000 0.2099 0.3951 0.5556 0.6914 0.8025 0.8889 0.9506 0.9877 1.0000 1.0897 1.2771 1.3991 1.4555 1.4465 1.3719 1.2318 1.0262 0.7551 0.6531 0.5102 0.3265 0.1020 0.0000 0.0000 0.0000 0.0000 0.0000 0.0000 0.0000 0.0000 0.0000 0.0000 0.0000 0.0000 0.0000
0.0000 0.0000 0.0000 0.0000 0.0000 0.1728 0.3580 0.5185 0.6543 0.7654 0.8519 0.9136 0.9506 0.9630 0.9506 1.0973 1.2192 1.2756 1.2666 1.1920 1.0519 0.8463 0.6122 0.5102 0.3673 0.1837 0.0000 0.0000 0.0000 0.0000 0.0000 0.0000 0.0000 0.0000 0.0000 0.0000 0.0000 0.0000 0.0000 0.0000
0.0000 0.0000 0.0000 0.0000 0.0000 0.1111 0.2963 0.4568 0.5926 0.7037 0.7901 0.8519 0.8889 0.9012 0.8889 0.8519 0.9738 1.0302 1.0212 0.9466 0.8065 0.6009 0.4286 0.3265 0.1837 0.0000 0.0000 0.0000 0.0000 0.0000 0.0000 0.0000 0.0000 0.0000 0.0000 0.0000 0.0000 0.0000 0.0000 0.0000
0.0000 0.0000 0.0000 0.0000 0.0000 0.0247 0.2099 0.3704 0.5062 0.6173 0.7037 0.7654 0.8025 0.8148 0.8025 0.7654 0.7037 0.7193 0.7103 0.6357 0.4956 0.2900 0.2041 0.1020 0.0000 0.0000 0.0000 0.0000 0.0000 0.0000 0.0000 0.0000 0.0000 0.0000 0.0000 0.0000 0.0000 0.0000 0.0000 0.0000
0.0000 0.0000 0.0000 0.0000 0.0000 0.0000 0.0988 0.2593 0.3951 0.5062 0.5926 0.6543 0.6914 0.7037 0.6914 0.6543 0.5926 0.5062 0.3951 0.2593 0.1192 0.0000 0.0100 0.0000 0.0000 0.0000 0.0000 0.0000 0.0000 0.0000 0.0000 0.0000 0.0000 0.0000 0.0000 0.0000 0.0000 0.0000 0.0000 0.0000
0.0000 0.0000 0.0000 0.0000 0.0000 0.0000 0.0000 0.1235 0.2593 0.3704 0.4568 0.5185 0.5556 0.5679 0.5556 0.5185 0.4568 0.3704 0.2993 0.2335 0.1600 0.1900 0.2000 0.1900 0.1600 0.1223 0.0400 0.0000 0.0000 0.0000 0.0000 0.0000 0.0000 0.0000 0.0000 0.0000 0.0000 0.0000 0.0000 0.0000
0.0000 0.0000 0.0000 0.0000 0.0000 0.0000 0.0000 0.0000 0.0988 0.2099 0.2963 0.3580 0.3951 0.4074 0.3951 0.3580 0.3063 0.3299 0.3088 0.2800 0.3300 0.3847 0.4811 0.5328 0.5399 0.5022 0.4199 0.2928 0.1489 0.0247 0.0000 0.0000 0.0000 0.0000 0.0000 0.0000 0.0000 0.0000 0.0000 0.0000
0.0000 0.0000 0.0000 0.0000 0.0000 0.0000 0.0000 0.0000 0.0000 0.0247 0.1111 0.1728 0.2099 0.2222 0.2099 0.2028 0.2711 0.2947 0.3600 0.4300 0.5788 0.7199 0.8163 0.8680 0.8751 0.9207 0.9773 0.9336 0.7896 0.5454 0.3210 0.0833 0.0000 0.0000 0.0000 0.0000 0.0123 0.0000 0.0000 0.0000
0.0000 0.0000 0.0000 0.0000 0.0000 0.0000 0.0000 0.0000 0.0000 0.0000 0.0000 0.0000 0.0000 0.0123 0.0100 0.1600 0.2900 0.4000 0.4900 0.6835 0.8693 1.0104 1.1068 1.1585 1.3044 1.4890 1.5178 1.4741 1.3301 1.0859 0.7415 0.4568 0.1636 0.1111 0.1728 0.2099 0.2222 0.2099 0.1728 0.1111
0.0000 0.0000 0.0000 0.0000 0.0000 0.0000 0.0000 0.0000 0.0000 0.0000 0.0000 0.0000 0.0000 0.0000 0.1200 0.2700 0.4000 0.5100 0.6988 0.9293 1.1151 1.2562 1.4359 1.7099 2.0502 2.2348 2.2636 2.1365 1.8537 1.5262 1.1817 0.8858 0.6420 0.3796 0.3580 0.3951 0.4074 0.3951 0.3580 0.2963
0.0000 0.0000 0.0000 0.0000 0.0000 0.0000 0.0000 0.0000 0.0000 0.0000 0.0000 0.0000 0.0000 0.0400 0.2100 0.3600 0.4900 0.6247 0.8999 1.1304 1.3162 1.5962 1.8870 2.2999 2.6402 2.8248 2.8536 2.7265 2.4437 2.0051 1.6452 1.3363 1.0525 0.7037 0.5185 0.5556 0.5679 0.5556 0.5185 0.4568
0.0000 0.0000 0.0000 0.0000 0.0000 0.0000 0.0000 0.0000 0.0000 0.0000 0.0000 0.0000 0.0000 0.1100 0.2800 0.4300 0.5600 0.7811 1.0563 1.2868 1.5559 1.9470 2.2379 2.7341 3.0744 3.2590 3.2878 3.1607 2.8779 2.5380 2.1041 1.7119 1.3580 1.0093 0.6543 0.6914 0.7037 0.6914 0.6543 0.5926
0.0000 0.0000 0.0000 0.0000 0.0000 0.0000 0.0000 0.0000 0.0000 0.0000 0.0000 0.0000 0.0000 0.1600 0.3300 0.4800 0.6100 0.8928 1.1680 1.3985 1.8065 2.1977 2.5163 3.0125 3.3528 3.5374 3.5662 3.4391 3.1810 2.9275 2.4936 1.9625 1.5586 1.2099 0.7932 0.8025 0.8148 0.8025 0.7654 0.7037
0.0000 0.0000 0.0000 0.0000 0.0000 0.0000 0.0000 0.0000 0.0000 0.0000 0.0000 0.0000 0.0000 0.1900 0.3600 0.5100 0.6400 0.9599 1.2351 1.4656 1.9569 2.3480 2.6389 3.1351 3.4754 3.6600 3.6888 3.5617 3.3900 3.1365 2.7026 2.0881 1.6543 1.3056 0.8519 0.8889 0.9012 0.8889 0.8519 0.7901
0.0000 0.0000 0.0000 0.0000 0.0000 0.0000 0.0000 0.0000 0.0000 0.0000 0.0000 0.0000 0.0100 0.2000 0.3700 0.5200 0.6623 0.9822 1.2574 1.5157 2.0070 2.3981 2.6890 3.1019 3.4422 3.6144 3.6556 3.5285 3.4185 3.1651 2.7311 2.1167 1.6551 1.2963 0.9259 0.9506 0.9630 0.9506 0.9136 0.8519
0.0000 0.0000 0.0000 0.0000 0.0000 0.0000 0.0000 0.0000 0.0000 0.0000 0.0000 0.0000 0.0000 0.1900 0.3600 0.5100 0.6400 0.9599 1.2351 1.4656 1.9569 2.3480 2.6389 2.9128 3.2532 3.4378 3.4665 3.3395 3.2665 3.0131 2.5791 1.9647 1.5309 1.1821 0.9506 0.9877 1.0000 0.9877 0.9506 0.8889
0.0000 0.0000 0.0000 0.0000 0.0000 0.0000 0.0000 0.0000 0.0000 0.0000 0.0000 0.0000 0.0000 0.1600 0.3300 0.4800 0.6100 0.8928 1.1680 1.3985 1.8065 2.1977 2.4885 2.6791 2.9084 3.0930 3.1217 3.0070 2.9341 2.6806 2.2467 1.7156 1.3117 1.0741 0.9630 1.0000 1.0123 1.0000 0.9630 0.9012
0.0000 0.0000 0.0000 0.0000 0.0000 0.0000 0.0000 0.0000 0.0000 0.0000 0.0000 0.0000 0.0000 0.1100 0.2800 0.4300 0.5600 0.7811 1.0563 1.2868 1.5559 1.9470 2.2379 2.4285 2.5189 2.5923 2.6211 2.4941 2.4211 2.1677 1.7337 1.3415 1.0988 1.0000 0.9506 0.9877 1.0000 0.9877 0.9506 0.8889
=======
0.0000 0.0000 0.0000 0.0000 0.0000 0.0000 0.0000 0.0000 0.0000 0.0000 0.0000 0.0000 0.0000 0.0000 0.0000 0.0000 0.0000 0.0000 0.0000 0.0000 0.0000 0.0000 0.0000 0.0000 0.0000 0.0000 0.0000 0.0000 0.0000 0.0000 0.0000 0.0000 0.0000 0.0000 0.0000 0.0000 0.0000 0.0000 0.0000 0.0204
0.0000 0.0000 0.0000 0.0000 0.0000 0.0000 0.0000 0.0000 0.0000 0.0000 0.0000 0.0000 0.0000 0.0000 0.0000 0.0000 0.0000 0.0000 0.0000 0.0000 0.0000 0.0000 0.0000 0.0000 0.0000 0.0000 0.0000 0.0000 0.0000 0.0000 0.0000 0.0000 0.0000 0.0000 0.0000 0.0000 0.1020 0.2041 0.2653 0.2857
0.0000 0.0000 0.0000 0.0000 0.0000 0.0000 0.0000 0.0000 0.0000 0.0000 0.0000 0.0000 0.0000 0.0000 0.0000 0.0000 0.0000 0.0000 0.0000 0.0000 0.0000 0.0000 0.0000 0.0000 0.0000 0.0000 0.0000 0.0000 0.0000 0.0000 0.0000 0.0000 0.0000 0.0000 0.0000 0.1837 0.3265 0.4286 0.4898 0.5502
0.0000 0.0000 0.0000 0.0000 0.0000 0.0000 0.0000 0.0000 0.0000 0.0000 0.0000 0.0000 0.0000 0.0000 0.0000 0.0000 0.0000 0.0000 0.0000 0.0000 0.0000 0.0000 0.0000 0.0000 0.0000 0.0000 0.0000 0.0000 0.0000 0.0000 0.0000 0.0000 0.0000 0.0000 0.1837 0.3673 0.5502 0.8522 1.0335 1.0939
0.0000 0.0000 0.0000 0.0000 0.0000 0.0000 0.0000 0.0000 0.0000 0.0000 0.0000 0.0000 0.0000 0.0000 0.0000 0.0000 0.0000 0.0000 0.0000 0.0000 0.0000 0.0000 0.0000 0.0000 0.0000 0.0000 0.0000 0.0000 0.0000 0.0000 0.0000 0.0000 0.0000 0.1020 0.3265 0.5502 0.9731 1.2751 1.4563 1.5167
0.0000 0.0000 0.0000 0.0000 0.0000 0.0000 0.0000 0.0000 0.0000 0.0000 0.0000 0.0000 0.0000 0.0000 0.0000 0.0000 0.0000 0.0000 0.0000 0.0000 0.0000 0.0000 0.0000 0.0000 0.0000 0.0000 0.0000 0.0000 0.0000 0.0000 0.0000 0.0000 0.0000 0.2041 0.4286 0.8522 1.2751 1.5771 1.7584 1.8188
0.0000 0.0000 0.0000 0.0000 0.0000 0.0000 0.0000 0.0000 0.0000 0.0000 0.0000 0.0000 0.0000 0.0000 0.0000 0.0000 0.0000 0.0000 0.0000 0.0000 0.0000 0.0000 0.0000 0.0000 0.0000 0.0000 0.0000 0.0000 0.0000 0.0000 0.0000 0.0000 0.0000 0.2653 0.4898 1.0335 1.4563 1.7584 1.9396 2.0000
0.0000 0.0000 0.0000 0.0000 0.0000 0.0000 0.0000 0.0000 0.0000 0.0000 0.0000 0.0000 0.0000 0.0000 0.0000 0.0000 0.0000 0.0000 0.0000 0.0000 0.0000 0.0000 0.0000 0.0000 0.0000 0.0000 0.0000 0.0000 0.0000 0.0000 0.0000 0.0000 0.0204 0.2857 0.5502 1.0939 1.5167 1.8188 2.0000 2.0604
0.0000 0.0000 0.0000 0.0000 0.0000 0.0000 0.0000 0.0000 0.0000 0.0000 0.0000 0.0000 0.0000 0.0000 0.0000 0.0000 0.0000 0.0000 0.0000 0.0000 0.0000 0.0000 0.0000 0.0000 0.0000 0.0000 0.0000 0.0000 0.0000 0.0000 0.0000 0.0000 0.0000 0.2653 0.4898 1.0335 1.4563 1.7584 1.9396 2.0000
0.0000 0.0000 0.0000 0.0000 0.0000 0.0000 0.0000 0.0000 0.0000 0.0000 0.0000 0.0000 0.0000 0.0000 0.0000 0.0000 0.0000 0.0000 0.0000 0.0000 0.0000 0.0000 0.0000 0.0000 0.0000 0.0000 0.0000 0.0000 0.0000 0.0000 0.0278 0.0000 0.0000 0.2041 0.4286 0.8522 1.2751 1.5771 1.7584 1.8188
0.0000 0.0000 0.0000 0.0000 0.0000 0.0000 0.0000 0.0000 0.0000 0.0000 0.0000 0.0000 0.0000 0.0000 0.0000 0.0000 0.0000 0.0000 0.0000 0.0000 0.0000 0.0000 0.0000 0.0000 0.0000 0.0000 0.0000 0.0833 0.2222 0.3056 0.3333 0.3056 0.2222 0.1854 0.3265 0.5502 0.9731 1.2751 1.4563 1.5167
0.0000 0.0000 0.0000 0.0000 0.0000 0.0000 0.0000 0.0000 0.0000 0.0000 0.0000 0.0000 0.0000 0.0000 0.0000 0.0000 0.0100 0.0000 0.0000 0.0000 0.0000 0.0000 0.0000 0.0000 0.0000 0.0000 0.1389 0.3333 0.4722 0.5556 0.5833 0.5556 0.4722 0.3333 0.3226 0.3673 0.5502 0.8522 1.0335 1.0939
0.0000 0.0000 0.0000 0.0000 0.0000 0.0000 0.0000 0.0000 0.0000 0.0000 0.0000 0.0000 0.0400 0.1100 0.1600 0.1900 0.2000 0.1900 0.1600 0.1100 0.0400 0.0000 0.0000 0.0000 0.0000 0.0833 0.3333 0.5278 0.6667 0.7500 0.7778 0.7500 0.6667 0.5278 0.3333 0.2670 0.3265 0.4286 0.4898 0.5502
0.0000 0.0000 0.0000 0.0000 0.0000 0.0000 0.0000 0.0000 0.0000 0.0000 0.0100 0.1200 0.2100 0.2800 0.3300 0.3600 0.3700 0.3600 0.3300 0.2800 0.2100 0.1200 0.0100 0.0000 0.0000 0.2222 0.4722 0.6667 0.8056 0.8889 0.9167 0.8889 0.8056 0.6667 0.4722 0.2222 0.1020 0.2041 0.2653 0.2857
0.0000 0.0000 0.0000 0.0000 0.0000 0.0000 0.0000 0.0000 0.0000 0.0300 0.1600 0.2700 0.3600 0.4300 0.4800 0.5100 0.5200 0.5100 0.4800 0.4300 0.3600 0.2700 0.1600 0.0300 0.0000 0.3056 0.5556 0.7500 0.8889 0.9722 1.0000 0.9722 0.8889 0.7500 0.5556 0.3056 0.0000 0.0123 0.0000 0.0204
0.0000 0.0000 0.0000 0.0000 0.0000 0.0000 0.0000 0.0000 0.0100 0.1600 0.2900 0.4000 0.4900 0.5600 0.6100 0.6400 0.6500 0.6400 0.6100 0.5600 0.4900 0.4000 0.2900 0.1600 0.0378 0.3333 0.5833 0.7778 0.9167 1.0000 1.0278 1.0000 0.9167 0.8025 0.6944 0.5062 0.2377 0.2222 0.2099 0.1728
0.0000 0.0000 0.0000 0.0000 0.0000 0.0000 0.0000 0.0000 0.1200 0.2700 0.4000 0.5500 0.6000 0.6700 0.7200 0.7500 0.7600 0.7500 0.7200 0.6700 0.6000 0.5100 0.4000 0.2700 0.1200 0.3056 0.5556 0.7500 0.8889 0.9722 1.0000 0.9722 0.9877 0.9599 0.8519 0.6636 0.3951 0.4074 0.3951 0.3580
0.0000 0.0000 0.0000 0.0000 0.0000 0.0000 0.0000 0.0400 0.2500 0.6000 0.8500 1.0000 1.0500 1.0000 0.8500 0.8400 0.8500 0.8400 0.8100 0.7600 0.6900 0.6000 0.4900 0.3600 0.2100 0.2622 0.4722 0.6667 0.8056 0.8889 0.9167 1.0123 1.0648 1.0370 0.9446 0.7407 0.5556 0.5679 0.5556 0.5185
0.0000 0.0000 0.0000 0.0000 0.0000 0.0000 0.0000 0.1500 0.6000 0.9500 1.2000 1.3500 1.4000 1.3500 1.2000 0.9500 0.9200 0.9100 0.8800 0.8300 0.7600 0.6700 0.5600 0.4300 0.2800 0.1933 0.3333 0.5278 0.6667 0.7500 0.8765 1.1186 1.2492 1.2683 1.1759 0.9720 0.8789 0.8131 0.6914 0.6543
0.0000 0.0000 0.0000 0.0000 0.0000 0.0000 0.0000 0.4000 0.8500 1.2000 1.4500 1.6000 1.6500 1.6000 1.4500 1.2000 0.9700 0.9600 0.9300 0.8800 0.8100 0.7200 0.6100 0.4800 0.3300 0.1600 0.1389 0.3333 0.4722 0.6427 0.9963 1.2384 1.3690 1.3881 1.2957 1.2029 1.1931 1.1273 1.0056 0.8279
0.0000 0.0000 0.0000 0.0000 0.0000 0.0000 0.0000 0.5500 1.0000 1.3500 1.6000 1.7500 1.8000 1.7500 1.6000 1.3500 1.0000 0.9900 0.9600 0.9100 0.8400 0.7500 0.6400 0.5100 0.3600 0.1900 0.0000 0.0833 0.2847 0.6510 1.0046 1.2467 1.3773 1.3964 1.4151 1.4612 1.4514 1.3856 1.2639 1.0862
0.0000 0.0000 0.0000 0.0000 0.0000 0.0000 0.0500 0.6000 1.0500 1.4000 1.6500 1.8000 1.8500 1.8000 1.6500 1.4000 1.0400 1.0000 0.9700 0.9200 0.8500 0.7600 0.6500 0.5200 0.3700 0.2000 0.0100 0.0000 0.2031 0.5478 0.9014 1.1435 1.3574 1.5154 1.6175 1.6636 1.6537 1.5880 1.4662 1.2886
0.0000 0.0000 0.0000 0.0000 0.0000 0.0000 0.0000 0.5500 1.0000 1.3500 1.6000 1.7500 1.8000 1.7500 1.6000 1.3500 1.0000 0.9900 0.9600 0.9100 0.8400 0.7500 0.6400 0.5100 0.3600 0.1900 0.0000 0.1094 0.3125 0.6943 1.0201 1.2899 1.5039 1.6618 1.7639 1.8100 1.8002 1.7344 1.6127 1.4350
0.0000 0.0000 0.0000 0.0000 0.0000 0.0000 0.0000 0.4000 0.8500 1.2000 1.4500 1.6000 1.6500 1.6000 1.4500 1.2000 0.9700 0.9600 0.9300 0.8800 0.8100 0.7200 0.6100 0.4800 0.3300 0.1600 0.0000 0.1875 0.4030 0.7847 1.1105 1.3804 1.5943 1.7523 1.8544 1.9005 1.8906 1.8248 1.7031 1.5255
0.0000 0.0000 0.0000 0.0000 0.0000 0.0000 0.0000 0.1500 0.6000 0.9500 1.2000 1.3500 1.4000 1.3500 1.2000 0.9500 0.9200 0.9100 0.8800 0.8300 0.7600 0.6700 0.5600 0.4300 0.2800 0.1100 0.0000 0.2344 0.4375 0.8193 1.1451 1.4149 1.6289 1.7868 1.8889 1.9350 1.9252 1.8594 1.7377 1.5600
0.0000 0.0000 0.0000 0.0000 0.0000 0.0000 0.0000 0.0400 0.2500 0.6000 0.8500 1.0000 1.0500 1.0000 0.8500 0.8400 0.8500 0.8400 0.8100 0.7600 0.6900 0.6000 0.4900 0.3600 0.2100 0.0400 0.0156 0.2500 0.4531 0.7978 1.1236 1.3935 1.6074 1.7654 1.8675 1.9136 1.9037 1.8380 1.7162 1.5386
0.0000 0.0000 0.0000 0.0000 0.0000 0.0000 0.0000 0.0000 0.1200 0.2700 0.4000 0.5500 0.6000 0.6700 0.7200 0.7500 0.7600 0.7500 0.7200 0.6700 0.6000 0.5100 0.4000 0.2700 0.1200 0.0000 0.0000 0.2344 0.4375 0.7205 1.0463 1.3162 1.5301 1.6881 1.7901 1.8362 1.8264 1.7606 1.6389 1.4612
0.0000 0.0000 0.0000 0.0000 0.0000 0.0000 0.0000 0.0000 0.0100 0.1600 0.2900 0.4000 0.4900 0.5600 0.6100 0.6400 0.6500 0.6400 0.6100 0.5600 0.4900 0.4000 0.2900 0.1600 0.0100 0.0000 0.0000 0.1875 0.3906 0.5872 0.9130 1.1829 1.3968 1.5548 1.6568 1.7029 1.6931 1.6273 1.5056 1.3279
0.0000 0.0000 0.0000 0.0000 0.0000 0.0000 0.0000 0.0000 0.0000 0.0300 0.1600 0.2700 0.3600 0.4300 0.4800 0.5100 0.5200 0.5100 0.4800 0.4300 0.3600 0.2700 0.1600 0.0456 0.0000 0.0000 0.0000 0.1094 0.3125 0.4844 0.7238 0.9936 1.2076 1.3655 1.4676 1.5137 1.5039 1.4381 1.3164 1.1387
0.0000 0.0000 0.0000 0.0000 0.0000 0.0000 0.0000 0.0000 0.0000 0.0000 0.0100 0.1200 0.2100 0.2800 0.3300 0.3600 0.3700 0.3600 0.3300 0.2800 0.3194 0.3075 0.2444 0.2500 0.2344 0.1875 0.1094 0.0000 0.2031 0.3750 0.5156 0.7485 0.9624 1.1204 1.2224 1.2685 1.2587 1.1929 1.0712 0.8935
0.0000 0.0000 0.0000 0.0000 0.0000 0.0000 0.0000 0.0000 0.0000 0.0000 0.0000 0.0000 0.0400 0.1100 0.1600 0.1900 0.2000 0.1900 0.2225 0.3131 0.3525 0.3906 0.4375 0.4531 0.4375 0.3906 0.3125 0.2031 0.1250 0.2344 0.3750 0.4844 0.6613 0.8193 0.9213 0.9674 0.9576 0.8918 0.7701 0.5924
0.0000 0.0000 0.0000 0.0000 0.0000 0.0000 0.0000 0.0000 0.0000 0.0000 0.0000 0.0000 0.0000 0.0000 0.0000 0.0000 0.0100 0.0625 0.2344 0.3750 0.4844 0.5625 0.6094 0.6250 0.6094 0.5625 0.4844 0.3750 0.2344 0.1250 0.2031 0.3125 0.3906 0.4622 0.5642 0.6103 0.6005 0.5347 0.4130 0.2353
0.0000 0.0000 0.0000 0.0000 0.0000 0.0000 0.0000 0.0000 0.0000 0.0000 0.0000 0.0000 0.0000 0.0000 0.0000 0.0000 0.0000 0.2031 0.3750 0.5156 0.6250 0.7031 0.7500 0.7656 0.7500 0.7031 0.6250 0.5156 0.3750 0.2031 0.0000 0.1094 0.1875 0.2344 0.2500 0.2344 0.1875 0.1217 0.0000 0.0000
0.0000 0.0000 0.0000 0.0000 0.0000 0.0000 0.0000 0.0000 0.0000 0.0000 0.0000 0.0000 0.0000 0.0000 0.0000 0.0000 0.1094 0.3125 0.4844 0.6250 0.7344 0.8125 0.8594 0.8750 0.8594 0.8125 0.7344 0.6250 0.4844 0.3125 0.1094 0.0000 0.0000 0.0000 0.0156 0.0000 0.0000 0.0000 0.0000 0.0000
0.0000 0.0000 0.0000 0.0000 0.0000 0.0000 0.0000 0.0000 0.0000 0.0000 0.0000 0.0000 0.0000 0.0000 0.0000 0.0000 0.1875 0.3906 0.5625 0.7031 0.8125 0.8906 0.9375 0.9531 0.9375 0.8906 0.8125 0.7031 0.5625 0.3906 0.1875 0.0000 0.0000 0.0000 0.0000 0.0123 0.0000 0.0000 0.0000 0.0000
0.0000 0.0000 0.0000 0.0000 0.0000 0.0000 0.0000 0.0000 0.0000 0.0000 0.0000 0.0000 0.0000 0.0000 0.0000 0.0000 0.2344 0.4375 0.6094 0.7500 0.8594 0.9375 0.9844 1.0000 0.9844 0.9375 0.8594 0.7500 0.6094 0.4375 0.2344 0.0247 0.1111 0.1728 0.2099 0.2222 0.2099 0.1728 0.1111 0.0247
0.0000 0.0000 0.0000 0.0000 0.0000 0.0000 0.0000 0.0000 0.0000 0.0000 0.0000 0.0000 0.0000 0.0000 0.0000 0.0156 0.2500 0.4531 0.6250 0.7656 0.8750 0.9531 1.0000 1.0156 1.0000 0.9531 0.8750 0.7656 0.6250 0.4531 0.3488 0.2255 0.2963 0.3580 0.3951 0.4074 0.3951 0.3580 0.2963 0.2099
0.0000 0.0000 0.0000 0.0000 0.0000 0.0000 0.0000 0.0000 0.0000 0.0000 0.0000 0.0000 0.0000 0.0000 0.0000 0.0000 0.2344 0.4375 0.6094 0.7500 0.8594 0.9375 0.9844 1.0000 0.9844 0.9375 0.8594 0.7500 0.6094 0.5610 0.4936 0.3704 0.4568 0.5185 0.5556 0.5679 0.5556 0.5185 0.4568 0.3704
0.0000 0.0000 0.0000 0.0000 0.0000 0.0000 0.0000 0.0000 0.0000 0.0000 0.0000 0.0000 0.0000 0.0000 0.0000 0.0000 0.1875 0.3906 0.5625 0.7031 0.8125 0.8906 0.9375 0.9531 0.9375 0.8906 0.8125 0.7031 0.6613 0.6499 0.5826 0.5062 0.5926 0.6543 0.6914 0.7037 0.6914 0.6543 0.5926 0.5062
0.0000 0.0000 0.0000 0.0000 0.0000 0.0000 0.0000 0.0000 0.0000 0.0000 0.0000 0.0000 0.0000 0.0000 0.0000 0.0000 0.1094 0.3125 0.4844 0.6250 0.7344 0.8125 0.8594 0.8750 0.8594 0.8125 0.7344 0.6497 0.6943 0.6829 0.6155 0.6173 0.7037 0.7654 0.8025 0.8148 0.8025 0.7654 0.7037 0.6173
>>>>>>> parent of 6f815db (Revert "add dialogue machine")
