0.0000 0.0000 0.0000 0.0000 0.0000 0.0000 0.0000 0.0000 0.0000 0.0000 0.0000 0.0000 0.0000 0.0000 0.0000 0.0833 0.3333 0.5278 0.6667 0.7500 0.7778 0.7500 0.6667 0.5278 0.3333 0.0833 0.0000 0.0000 0.0000 0.0000 0.0000 0.0000 0.0000 0.0000 0.0000 0.0000 0.0000 0.0000 0.0000 0.0000
0.0000 0.0000 0.0000 0.0000 0.0000 0.0000 0.0000 0.0000 0.0000 0.0000 0.0000 0.0000 0.0000 0.0000 0.0000 0.2222 0.4722 0.6667 0.8056 0.8889 0.9167 0.8889 0.8056 0.6667 0.4722 0.2222 0.0000 0.0000 0.0000 0.0000 0.0000 0.0000 0.0000 0.0000 0.0000 0.0000 0.0000 0.0000 0.0000 0.0000
0.0000 0.0000 0.0278 0.0000 0.0000 0.0000 0.0000 0.0000 0.0000 0.0000 0.0000 0.0000 0.0000 0.0000 0.0000 0.3056 0.5556 0.7500 0.8889 0.9722 1.0000 0.9722 0.8889 0.7500 0.5556 0.3056 0.0000 0.0000 0.0000 0.0000 0.0000 0.0000 0.0000 0.0000 0.0000 0.0000 0.0000 0.0000 0.0000 0.0000
0.2222 0.3056 0.3333 0.3056 0.2222 0.0833 0.0000 0.0000 0.0000 0.0000 0.0000 0.0000 0.0000 0.0000 0.0278 0.3333 0.5833 0.7778 0.9167 1.0000 1.0000 1.0000 0.9167 0.7778 0.5833 0.3333 0.0278 0.0000 0.0000 0.0000 0.0000 0.0000 0.0000 0.0000 0.0000 0.0000 0.0000 0.0000 0.0000 0.0000
0.4722 0.5556 0.5833 0.5556 0.4722 0.3333 0.1389 0.0000 0.0000 0.0000 0.0000 0.0000 0.0000 0.0000 0.0000 0.3056 0.5556 0.7500 0.8889 0.9722 1.0000 0.9722 0.8889 0.7500 0.5556 0.3056 0.0000 0.0000 0.0000 0.0000 0.0000 0.0000 0.0000 0.0000 0.0000 0.0000 0.0000 0.0000 0.0000 0.0000
0.6667 0.7500 0.7778 0.7500 0.6667 0.5278 0.3333 0.0833 0.0000 0.0000 0.0000 0.0000 0.0000 0.0000 0.0000 0.2222 0.4722 0.6667 0.8056 0.8889 0.9167 0.8889 0.8056 0.6667 0.4722 0.2222 0.0000 0.0000 0.0000 0.0000 0.0000 0.0000 0.0000 0.0000 0.0000 0.0000 0.0000 0.0000 0.0000 0.0000
0.8056 0.8889 0.9167 0.8889 0.8056 0.6667 0.4722 0.2222 0.0000 0.0000 0.0000 0.0000 0.0000 0.0000 0.0000 0.0833 0.3333 0.5278 0.6667 0.7500 0.7778 0.7500 0.6667 0.5278 0.3333 0.0833 0.0000 0.0000 0.0000 0.0000 0.0000 0.0000 0.0000 0.0000 0.0000 0.0000 0.0000 0.0000 0.0000 0.0000
0.8889 0.9722 1.0000 0.9722 0.8889 0.7500 0.5556 0.3056 0.0000 0.0000 0.0000 0.0000 0.0000 0.0000 0.0000 0.0000 0.1389 0.3333 0.4722 0.5556 0.5833 0.5556 0.4722 0.3333 0.1389 0.0000 0.0000 0.0000 0.0000 0.0000 0.0000 0.0000 0.0000 0.0000 0.0000 0.0000 0.0000 0.0000 0.0000 0.0000
0.9167 1.0000 1.0278 1.0000 0.9167 0.7778 0.5833 0.3333 0.0278 0.0000 0.0000 0.0000 0.0000 0.0000 0.0000 0.0000 0.0000 0.0833 0.2222 0.3056 0.3333 0.3056 0.2222 0.0833 0.0000 0.0000 0.0000 0.0000 0.0000 0.0000 0.0000 0.0000 0.0000 0.0000 0.0000 0.0000 0.0000 0.0000 0.0000 0.0000
0.8889 0.9722 1.0000 0.9722 0.8889 0.7500 0.5556 0.3056 0.0000 0.0000 0.0000 0.0000 0.0000 0.0000 0.0000 0.0000 0.0000 0.0000 0.0000 0.0000 0.0278 0.0000 0.0000 0.0000 0.0000 0.0000 0.0000 0.0000 0.0000 0.0000 0.0000 0.0000 0.0000 0.0000 0.0000 0.0000 0.0000 0.0000 0.0000 0.0000
0.8056 0.8889 0.9167 0.8889 0.8056 0.6667 0.4722 0.2222 0.0000 0.0000 0.0000 0.0000 0.0000 0.0000 0.0000 0.0000 0.0000 0.0000 0.0000 0.0000 0.0000 0.0000 0.0000 0.0000 0.0000 0.0000 0.0000 0.0000 0.0000 0.0000 0.0000 0.0000 0.0000 0.0000 0.0000 0.0000 0.0000 0.0000 0.0000 0.0000
0.6667 0.7500 0.7778 0.7500 0.6667 0.5278 0.3333 0.0833 0.0000 0.0000 0.0000 0.0000 0.0000 0.0000 0.0000 0.0000 0.0000 0.0000 0.0000 0.0000 0.0000 0.0000 0.0000 0.0000 0.0000 0.0000 0.0000 0.0000 0.0000 0.0000 0.0000 0.0000 0.0000 0.0000 0.0000 0.0000 0.0000 0.0000 0.0000 0.0000
0.4722 0.5556 0.5833 0.5556 0.4722 0.3333 0.1389 0.0000 0.0000 0.0000 0.0000 0.0000 0.0000 0.0000 0.0000 0.0000 0.0000 0.0000 0.0000 0.0000 0.0000 0.0000 0.0000 0.0000 0.0000 0.0000 0.0000 0.0000 0.0000 0.0000 0.0000 0.0000 0.0000 0.0000 0.0000 0.0000 0.0000 0.0000 0.0000 0.0000
0.2222 0.3056 0.3333 0.3056 0.2222 0.0833 0.0000 0.0000 0.0000 0.0000 0.0000 0.0000 0.0000 0.0000 0.0000 0.0000 0.0000 0.0000 0.0000 0.0000 0.0000 0.0000 0.0000 0.0000 0.0000 0.0000 0.0000 0.0000 0.0000 0.0000 0.0000 0.0000 0.0000 0.0000 0.0000 0.0000 0.0000 0.0000 0.0000 0.0000
0.0000 0.0000 0.0278 0.0000 0.0000 0.0000 0.0000 0.0000 0.0000 0.0000 0.0000 0.0000 0.0000 0.0000 0.0000 0.0000 0.0000 0.0000 0.0000 0.0000 0.0000 0.0000 0.0000 0.0000 0.0000 0.0000 0.0000 0.0000 0.0000 0.0000 0.0000 0.0000 0.0000 0.0000 0.0000 0.0000 0.0000 0.0000 0.0000 0.0000
0.0000 0.0000 0.0000 0.0000 0.0000 0.0000 0.0000 0.0000 0.0000 0.0000 0.0000 0.0000 0.0000 0.0000 0.0000 0.0000 0.0000 0.0000 0.0000 0.0000 0.0000 0.0000 0.0000 0.0000 0.0000 0.0000 0.0000 0.0000 0.0000 0.0000 0.0000 0.0000 0.0000 0.0000 0.0000 0.0000 0.0000 0.0000 0.0000 0.0000
0.0000 0.0000 0.0000 0.0000 0.0000 0.0000 0.0000 0.0000 0.0000 0.0000 0.0000 0.0000 0.0000 0.0000 0.0000 0.0000 0.0000 0.0000 0.0000 0.0000 0.0000 0.0000 0.0000 0.0000 0.0000 0.0000 0.0000 0.0000 0.0000 0.0000 0.0000 0.0000 0.0000 0.0000 0.0000 0.0000 0.0000 0.0000 0.0000 0.0000
0.0000 0.0000 0.0000 0.0000 0.0000 0.0000 0.0000 0.0000 0.0000 0.0000 0.0000 0.0000 0.0000 0.0000 0.0000 0.0000 0.0000 0.0000 0.0000 0.0000 0.0000 0.0000 0.0000 0.0000 0.0000 0.0000 0.0000 0.0000 0.0000 0.0000 0.0000 0.0000 0.0000 0.0000 0.0000 0.0000 0.0000 0.0000 0.0000 0.0000
0.0000 0.0000 0.0000 0.0000 0.0000 0.0000 0.0000 0.0000 0.0000 0.0000 0.0000 0.0000 0.0000 0.0000 0.0000 0.0000 0.0000 0.0000 0.0000 0.0000 0.0204 0.0000 0.0000 0.0000 0.0000 0.0000 0.0000 0.0000 0.0000 0.0000 0.0000 0.0000 0.0000 0.0000 0.0000 0.0000 0.0000 0.0000 0.0000 0.0000
0.0000 0.0000 0.0000 0.0000 0.0000 0.0000 0.0000 0.0000 0.0000 0.0000 0.0000 0.0000 0.0000 0.0000 0.0000 0.0000 0.0000 0.1020 0.2041 0.2653 0.2857 0.2653 0.2041 0.1020 0.0000 0.0000 0.0000 0.0000 0.0000 0.0000 0.0000 0.0000 0.0000 0.0000 0.0000 0.0000 0.0000 0.0000 0.0000 0.1094
0.0000 0.0000 0.0000 0.0000 0.0000 0.0000 0.0000 0.0000 0.0000 0.0000 0.0000 0.0000 0.0000 0.0000 0.0000 0.0000 0.1837 0.3265 0.4286 0.4898 0.5102 0.4898 0.4286 0.3265 0.1837 0.0000 0.0000 0.0000 0.0000 0.0000 0.0000 0.0000 0.0000 0.0000 0.0000 0.0000 0.0000 0.0625 0.2031 0.3125
0.0000 0.0000 0.0000 0.0000 0.0000 0.0000 0.0000 0.0000 0.0000 0.0000 0.0000 0.0000 0.0000 0.0000 0.0000 0.1837 0.3673 0.5102 0.6122 0.6735 0.6939 0.6735 0.6122 0.5102 0.3673 0.1837 0.0000 0.0000 0.0000 0.0000 0.0000 0.0000 0.0000 0.0000 0.0000 0.0000 0.0625 0.2344 0.3750 0.4844
0.0000 0.0000 0.0000 0.0000 0.0000 0.0000 0.0000 0.0000 0.0000 0.0000 0.0000 0.0000 0.0000 0.0000 0.1020 0.3265 0.5102 0.6531 0.7551 0.8163 0.8367 0.8163 0.7551 0.6531 0.5102 0.3265 0.1020 0.0000 0.0000 0.0000 0.0000 0.0000 0.0000 0.0000 0.0000 0.0000 0.2031 0.3750 0.5156 0.6250
0.0000 0.0000 0.0000 0.0000 0.0000 0.0000 0.0000 0.0000 0.0000 0.0000 0.0000 0.0000 0.0000 0.0000 0.2041 0.4286 0.6122 0.7551 0.8571 0.9184 0.9388 0.9184 0.8571 0.7551 0.6122 0.4286 0.2441 0.0000 0.0000 0.0000 0.0000 0.0000 0.0000 0.0000 0.0000 0.1094 0.3125 0.4844 0.6250 0.7344
0.0000 0.0000 0.0000 0.0000 0.0000 0.0000 0.0000 0.0000 0.0000 0.0000 0.0000 0.0000 0.0000 0.0000 0.2653 0.4898 0.6735 0.8163 0.9184 0.9796 1.0000 0.9796 0.9184 0.8563 0.9135 0.8498 0.6653 0.3600 0.2400 0.0400 0.0000 0.0000 0.0000 0.0000 0.0000 0.1875 0.3906 0.5625 0.7031 0.8125
0.0000 0.0000 0.0000 0.0000 0.0000 0.0000 0.0000 0.0000 0.0000 0.0000 0.0000 0.0000 0.0000 0.0204 0.2857 0.5102 0.6939 0.8367 0.9388 1.0000 1.0204 1.0000 0.9788 1.1567 1.2139 1.1502 0.9657 0.6604 0.5200 0.3200 0.0556 0.0000 0.0000 0.0000 0.0000 0.2344 0.4375 0.6094 0.7500 0.8594
0.0000 0.0000 0.0000 0.0000 0.0000 0.0000 0.0000 0.0000 0.0000 0.0000 0.0000 0.0000 0.0000 0.0000 0.2653 0.4898 0.6735 0.8163 0.9184 0.9796 1.0000 0.9796 1.1584 1.3363 1.3935 1.3298 1.1453 0.9494 0.9075 0.7544 0.4900 0.2344 0.1875 0.1094 0.0156 0.2500 0.4531 0.6250 0.7656 0.8750
0.0000 0.0000 0.0000 0.0000 0.0000 0.0000 0.0000 0.0000 0.0000 0.0000 0.0000 0.0000 0.0000 0.0000 0.2041 0.4286 0.6122 0.7551 0.8571 0.9184 0.9388 0.9184 1.2171 1.3951 1.4522 1.4511 1.4072 1.2725 1.2306 1.0775 0.8131 0.4375 0.3906 0.3125 0.2031 0.2969 0.4375 0.6094 0.7500 0.8594
0.0000 0.0000 0.0000 0.0000 0.0000 0.0000 0.0000 0.0000 0.0000 0.0000 0.0000 0.0000 0.0000 0.0000 0.1020 0.3265 0.5102 0.6531 0.7551 0.8163 0.8367 0.8563 1.1551 1.3331 1.4527 1.5609 1.5170 1.4844 1.4425 1.2894 1.0250 0.6494 0.5625 0.4844 0.3750 0.4219 0.4531 0.5625 0.7031 0.8125
0.0000 0.0000 0.0000 0.0000 0.0000 0.0000 0.0000 0.0278 0.0000 0.0000 0.0000 0.0000 0.0000 0.0000 0.0000 0.1837 0.3673 0.5102 0.6122 0.6735 0.6939 0.6735 0.9722 1.1502 1.4105 1.5187 1.5156 1.5850 1.5431 1.3900 1.1256 0.7500 0.7031 0.6250 0.5156 0.4844 0.5156 0.4844 0.6250 0.7344
0.0000 0.0000 0.0000 0.0000 0.0833 0.2222 0.3056 0.3333 0.3056 0.2222 0.0833 0.0000 0.0000 0.0000 0.0000 0.0000 0.1837 0.3265 0.4286 0.4898 0.5102 0.4898 0.6686 0.9559 1.2162 1.3244 1.5050 1.5744 1.5325 1.3794 1.1150 0.8594 0.8125 0.7344 0.6250 0.4844 0.5156 0.4844 0.5156 0.6250
0.0000 0.0000 0.0000 0.1389 0.3333 0.4722 0.5556 0.5833 0.5556 0.4722 0.3333 0.1389 0.0000 0.0000 0.0000 0.0000 0.0000 0.1020 0.2041 0.2653 0.2857 0.2653 0.2441 0.6095 0.9106 1.2025 1.3831 1.4525 1.4106 1.2575 0.9931 0.9375 0.8906 0.8125 0.7031 0.5625 0.4531 0.4219 0.3750 0.4844
0.0000 0.0000 0.0833 0.3333 0.5278 0.6667 0.7500 0.7778 0.7500 0.6667 0.5278 0.3333 0.0833 0.0000 0.0000 0.0000 0.0000 0.0000 0.0000 0.0000 0.0204 0.0000 0.0000 0.2744 0.6775 0.9694 1.1500 1.2194 1.1775 1.0244 1.0000 0.9844 0.9375 0.8594 0.7500 0.6094 0.4375 0.2969 0.2031 0.3125
0.0000 0.0000 0.2222 0.4722 0.6667 0.8056 0.8889 0.9167 0.8889 0.8056 0.6667 0.4722 0.2222 0.0000 0.0000 0.0000 0.0000 0.0000 0.0000 0.0000 0.0000 0.0000 0.0156 0.2500 0.4531 0.6250 0.8056 0.8750 0.9531 1.0000 1.0156 1.0000 0.9531 0.8954 0.7656 0.6250 0.4531 0.2500 0.0156 0.1094
0.0000 0.0000 0.3056 0.5556 0.7500 0.8889 0.9722 1.0000 0.9822 0.8889 0.7500 0.5556 0.3056 0.0000 0.0000 0.0000 0.0000 0.0000 0.0000 0.0000 0.0000 0.0000 0.0000 0.2344 0.4375 0.6094 0.7500 0.8594 0.9375 0.9844 1.1020 1.1885 1.2028 1.1451 1.0153 0.8135 0.5395 0.2344 0.0000 0.0000
0.0000 0.0278 0.3333 0.5833 0.8178 1.0267 1.1600 1.2178 1.2000 1.1067 0.9378 0.6933 0.3733 0.0278 0.0000 0.0000 0.0000 0.0000 0.0000 0.0000 0.0000 0.0000 0.0000 0.1875 0.3906 0.5625 0.7031 0.8125 0.8906 1.1212 1.2797 1.3661 1.3804 1.3227 1.1929 0.9911 0.7172 0.3712 0.0000 0.0000
0.0000 0.0000 0.3156 0.6756 0.9600 1.1689 1.3022 1.3600 1.3422 1.2489 1.0800 0.8356 0.5156 0.1200 0.0100 0.0000 0.0000 0.0000 0.0000 0.0000 0.0000 0.0000 0.0000 0.1094 0.3125 0.4844 0.6250 0.7344 0.9962 1.2267 1.3852 1.4716 1.4860 1.4283 1.2985 1.0966 0.8227 0.4767 0.1837 0.0000
0.0000 0.0300 0.3822 0.7422 1.0267 1.2356 1.3689 1.4267 1.4089 1.3156 1.1467 0.9022 0.5822 0.2700 0.1600 0.0300 0.0000 0.0000 0.0000 0.0000 0.0000 0.0000 0.0000 0.0000 0.2031 0.3750 0.5156 0.7270 1.0297 1.2602 1.4187 1.5051 1.5195 1.4617 1.3320 1.1301 0.8562 0.5102 0.3265 0.1020
0.0100 0.1600 0.3733 0.7333 1.0178 1.2267 1.3600 1.4178 1.4000 1.3067 1.1378 0.8933 0.5733 0.4000 0.2900 0.1600 0.0100 0.0000 0.0000 0.0000 0.0000 0.0000 0.0000 0.0000 0.0625 0.2344 0.3750 0.6885 0.9911 1.2216 1.3801 1.4665 1.4809 1.4232 1.2934 1.0915 0.8176 0.6122 0.4286 0.2041
0.1200 0.2700 0.4000 0.6489 0.9333 1.1422 1.2756 1.3333 1.3156 1.2222 1.0533 0.8089 0.6000 0.5100 0.4000 0.2700 0.1200 0.0000 0.0000 0.0000 0.0000 0.0000 0.0000 0.0000 0.0000 0.0625 0.2031 0.5778 0.8804 1.1110 1.2695 1.3559 1.3702 1.3125 1.1827 0.9809 0.8163 0.6735 0.4898 0.2653
