0.0000 0.0000 0.0000 0.0000 0.0000 0.0000 0.0000 0.0000 0.0000 0.0000 0.0000 0.0000 0.0000 0.0100 0.0000 0.0000 0.0000 0.0000 0.0000 0.0000 0.0000 0.0000 0.0000 0.0000 0.0000 0.0000 0.0000 0.0000 0.0000 0.0000 0.0000 0.0000 0.0000 0.0000 0.0000 0.0000 0.0000 0.0000 0.0000 0.0000
0.0000 0.0000 0.0000 0.0000 0.0000 0.0000 0.0000 0.0000 0.0000 0.0400 0.1100 0.1600 0.1900 0.2000 0.1900 0.1600 0.1100 0.0400 0.0000 0.0000 0.0000 0.0000 0.0000 0.0000 0.0000 0.0000 0.0000 0.0000 0.0000 0.0000 0.0000 0.0000 0.0000 0.0000 0.0000 0.0000 0.0000 0.0000 0.0000 0.0000
0.0000 0.0000 0.0000 0.0000 0.0000 0.0000 0.0000 0.0100 0.1200 0.2100 0.2800 0.3300 0.3600 0.3700 0.3600 0.3300 0.2800 0.2100 0.1200 0.0100 0.0000 0.0000 0.0000 0.0000 0.0000 0.0000 0.0000 0.0000 0.0000 0.0000 0.0000 0.0000 0.0000 0.0000 0.0000 0.0000 0.0000 0.0000 0.0000 0.0000
0.0000 0.0000 0.0000 0.0000 0.0000 0.0000 0.0300 0.1600 0.2700 0.3600 0.4300 0.4800 0.5100 0.5200 0.5100 0.4800 0.4300 0.3600 0.2700 0.1600 0.0300 0.0000 0.0000 0.0000 0.0000 0.0000 0.0000 0.0000 0.0000 0.0000 0.0000 0.0000 0.0000 0.0000 0.0000 0.0000 0.0000 0.0000 0.0000 0.0000
0.0000 0.0000 0.0000 0.0000 0.0000 0.0100 0.1600 0.2900 0.4000 0.4900 0.5600 0.6100 0.6400 0.6500 0.6400 0.6100 0.5600 0.4900 0.4000 0.2900 0.1600 0.0100 0.0000 0.0000 0.0000 0.0000 0.0000 0.0000 0.0000 0.0000 0.0000 0.0000 0.0000 0.0000 0.0000 0.0000 0.0000 0.0000 0.0000 0.0000
0.0000 0.0000 0.0000 0.0000 0.0000 0.1200 0.2700 0.4000 0.5100 0.6000 0.6700 0.7200 0.7500 0.7600 0.7500 0.7200 0.6700 0.6000 0.5100 0.4000 0.2700 0.1200 0.0000 0.0000 0.0000 0.0000 0.0000 0.0000 0.0000 0.0000 0.0000 0.0000 0.0000 0.0000 0.0000 0.0000 0.0000 0.0000 0.0156 0.0247
0.0000 0.0000 0.0000 0.0000 0.0400 0.2100 0.3600 0.4900 0.6000 0.6900 0.7600 0.8100 0.8400 0.8500 0.8400 0.8100 0.7600 0.6900 0.6000 0.4900 0.3600 0.2100 0.0400 0.0000 0.0000 0.0000 0.0000 0.0000 0.0000 0.0000 0.0000 0.0000 0.0000 0.0000 0.0000 0.1094 0.1875 0.2344 0.3488 0.4443
0.0000 0.0000 0.0000 0.0000 0.1100 0.2800 0.4300 0.5600 0.6700 0.7600 0.8300 0.8800 0.9100 0.9200 0.9100 0.8800 0.8300 0.7600 0.6700 0.5600 0.4300 0.2800 0.1100 0.0000 0.0000 0.0000 0.0000 0.0000 0.0000 0.0000 0.0000 0.0000 0.0000 0.0625 0.2031 0.3125 0.3906 0.5610 0.7124 0.8079
0.0000 0.0000 0.0000 0.0000 0.1600 0.3300 0.4800 0.6100 0.7200 0.8100 0.8800 0.9300 0.9600 0.9700 0.9600 0.9300 0.8800 0.8100 0.7200 0.6100 0.4800 0.3300 0.1600 0.0000 0.0000 0.0000 0.0000 0.0000 0.0000 0.0000 0.0000 0.0000 0.0625 0.2344 0.3750 0.4844 0.6613 0.8686 1.0201 1.1155
0.0000 0.0000 0.0000 0.0000 0.1900 0.3600 0.5100 0.6400 0.7500 0.8400 0.9100 0.9600 0.9900 1.0000 0.9900 0.9600 0.9100 0.8400 0.7500 0.6400 0.5100 0.3600 0.1900 0.0000 0.0000 0.0000 0.0000 0.0000 0.0000 0.0000 0.0000 0.0000 0.2031 0.3750 0.5156 0.6497 0.9130 1.1204 1.2718 1.3773
0.0000 0.0000 0.0000 0.0100 0.2000 0.3700 0.5200 0.6500 0.7600 0.8500 0.9200 0.9700 1.0000 1.0100 1.0000 0.9700 0.9200 0.8500 0.7600 0.6500 0.5200 0.3700 0.2000 0.0100 0.0000 0.0000 0.0000 0.0000 0.0000 0.0000 0.0000 0.1094 0.3125 0.4844 0.6250 0.8855 1.2188 1.4762 1.6576 1.7631
0.0000 0.0000 0.0000 0.0000 0.1900 0.3600 0.5100 0.6400 0.7500 0.8400 0.9100 0.9600 0.9900 1.0000 0.9900 0.9600 0.9100 0.8400 0.7500 0.6400 0.5100 0.3600 0.1900 0.0000 0.0000 0.0000 0.0000 0.0000 0.0000 0.0000 0.0000 0.1875 0.3906 0.5725 0.8231 1.1953 1.5286 1.7860 1.9674 2.0729
0.0000 0.0000 0.0000 0.0000 0.1600 0.3300 0.4800 0.6100 0.7200 0.8100 0.8800 0.9300 0.9600 0.9700 0.9600 0.9300 0.8800 0.8100 0.7200 0.6100 0.4800 0.3300 0.1600 0.0000 0.0000 0.0000 0.0000 0.0000 0.0000 0.0000 0.0000 0.2344 0.4675 0.7694 1.0200 1.4293 1.7626 2.0199 2.2014 2.3068
0.0000 0.0000 0.0000 0.0000 0.1100 0.2800 0.4300 0.5600 0.6700 0.7600 0.8300 0.8923 0.9100 0.9200 0.9100 0.8800 0.8300 0.7600 0.6700 0.5600 0.4300 0.2800 0.1100 0.0000 0.0000 0.0000 0.0000 0.0000 0.0000 0.0000 0.0156 0.2600 0.6131 0.9150 1.1780 1.5872 1.9205 2.1779 2.3593 2.4648
0.0000 0.0000 0.0000 0.0000 0.0400 0.2100 0.3600 0.5147 0.7111 0.8628 0.9699 1.0322 1.0499 1.0228 0.9511 0.8347 0.7600 0.6900 0.6000 0.4900 0.3600 0.2100 0.0400 0.0000 0.0000 0.0000 0.0000 0.0000 0.0000 0.0000 0.0000 0.3544 0.7075 1.0094 1.2600 1.6693 2.0026 2.2599 2.4414 2.5468
0.0000 0.0000 0.0000 0.0000 0.0000 0.1200 0.3688 0.6099 0.8063 0.9580 1.0651 1.1274 1.1451 1.1180 1.0463 0.9299 0.7688 0.6000 0.5100 0.4000 0.2700 0.1200 0.0000 0.0000 0.0000 0.0000 0.0278 0.0000 0.0000 0.0000 0.0400 0.3975 0.7506 1.0525 1.3031 1.6753 2.0086 2.2660 2.4474 2.5529
0.0000 0.0000 0.0000 0.0000 0.0000 0.1335 0.4193 0.6604 0.8568 1.0085 1.1156 1.1779 1.1956 1.1685 1.1091 0.9804 0.8193 0.6135 0.4000 0.2900 0.1600 0.0100 0.0000 0.0833 0.2222 0.3056 0.3333 0.3056 0.2222 0.0833 0.1100 0.3894 0.7425 1.0444 1.2950 1.6055 1.9388 2.1962 2.3776 2.4931
0.0000 0.0000 0.0000 0.0000 0.0988 0.2593 0.4251 0.6662 0.8626 1.0143 1.1460 1.2948 1.3742 1.3842 1.3248 1.1960 0.9979 0.7304 0.3935 0.1600 0.0300 0.0000 0.1389 0.3333 0.4722 0.5556 0.5833 0.5556 0.4722 0.3333 0.2989 0.3300 0.6831 0.9850 1.2356 1.4997 1.9030 2.2104 2.4218 2.5373
0.0000 0.0000 0.0000 0.0247 0.2099 0.3704 0.5062 0.6273 0.8237 1.0742 1.2923 1.4411 1.5205 1.5305 1.4711 1.3423 1.1442 0.8767 0.5398 0.1335 0.0000 0.0833 0.3333 0.5278 0.6667 0.7500 0.7778 0.7500 0.6667 0.5278 0.5233 0.4433 0.5725 0.8844 1.2450 1.5344 1.8513 2.1586 2.3701 2.4855
0.0000 0.0000 0.0000 0.1111 0.2963 0.4568 0.5926 0.7037 0.9136 1.1511 1.3693 1.5180 1.5974 1.6074 1.5480 1.4193 1.2211 0.9536 0.6667 0.3704 0.1235 0.2222 0.4722 0.6667 0.8056 0.8889 0.9167 0.8889 0.8056 0.6767 0.6722 0.5922 0.5500 0.8725 1.2331 1.5225 1.7406 2.0110 2.2224 2.3379
0.0000 0.0000 0.0000 0.1728 0.3580 0.5185 0.6543 0.8642 1.1111 1.3086 1.4568 1.5556 1.6049 1.6149 1.5556 1.4568 1.3086 1.1111 0.8642 0.5679 0.2593 0.4043 0.5556 0.7500 0.8889 0.9722 1.0000 0.9722 0.8889 0.7500 0.7456 0.6756 0.6700 0.9300 1.1500 1.4394 1.6575 1.8044 1.9788 2.0943
0.0000 0.0000 0.0000 0.2099 0.3951 0.5556 0.7160 1.0123 1.2593 1.4568 1.6049 1.7037 1.7531 1.7531 1.7037 1.6049 1.4568 1.2593 1.0123 0.7160 0.3981 0.5432 0.6080 0.7778 0.9167 1.0000 1.0278 1.0000 0.9167 0.7778 0.7433 0.7833 0.7778 1.0100 1.2300 1.4100 1.5500 1.6500 1.7256 1.7547
0.0000 0.0000 0.0123 0.2222 0.4074 0.5679 0.8148 1.1111 1.3580 1.5556 1.7037 1.8025 1.8519 1.8519 1.8025 1.7037 1.5556 1.3580 1.1111 0.8148 0.4691 0.6019 0.6667 0.7500 0.8889 0.9722 1.0000 0.9722 0.8889 0.7500 0.7056 0.7956 0.7900 1.0500 1.2700 1.4500 1.6023 1.6900 1.7500 1.7700
0.0000 0.0000 0.0000 0.2099 0.3951 0.5556 0.8642 1.1605 1.4074 1.6049 1.7531 1.8519 1.9012 1.9012 1.8519 1.7531 1.6049 1.4074 1.1605 0.8642 0.5185 0.5802 0.6451 0.6667 0.8056 0.8889 0.9167 0.8889 0.8056 0.6667 0.6222 0.7122 0.8147 1.1611 1.4428 1.6599 1.8122 1.8999 1.9228 1.8811
0.0000 0.0000 0.0000 0.1728 0.3580 0.5185 0.8642 1.1605 1.4074 1.6049 1.7531 1.8519 1.9012 1.9012 1.8519 1.7531 1.6049 1.4074 1.1605 0.8642 0.5556 0.4784 0.5432 0.5278 0.6667 0.7500 0.7778 0.7500 0.6667 0.5278 0.4933 0.6321 0.9599 1.3063 1.5880 1.8051 1.9574 2.0451 2.0680 2.0263
0.0000 0.0000 0.0000 0.1111 0.2963 0.4691 0.8148 1.1111 1.3580 1.5556 1.7037 1.8025 1.8519 1.8519 1.8025 1.7037 1.5556 1.3580 1.1111 0.8148 0.5679 0.4074 0.3611 0.3457 0.4722 0.5556 0.5833 0.5556 0.4722 0.3333 0.4523 0.6293 1.0404 1.3868 1.6685 1.8856 2.0379 2.1256 2.1485 2.1068
0.0000 0.0000 0.0000 0.0247 0.2099 0.3704 0.7160 1.0123 1.2593 1.4568 1.6049 1.7037 1.7531 1.7531 1.7037 1.6049 1.4568 1.2593 1.0123 0.7160 0.5556 0.3951 0.2099 0.0833 0.2222 0.3056 0.3333 0.3056 0.2222 0.1921 0.4593 0.7651 1.0562 1.4026 1.6843 1.9014 2.0537 2.1414 2.1643 2.1226
0.0000 0.0000 0.0000 0.0000 0.0988 0.2593 0.5679 0.8642 1.1111 1.3086 1.4568 1.5556 1.6049 1.6049 1.5556 1.4568 1.3086 1.1111 0.8642 0.6543 0.5185 0.3580 0.1728 0.0000 0.0000 0.0000 0.0278 0.0000 0.0247 0.2099 0.5604 0.8662 1.1273 1.3537 1.6354 1.8525 2.0048 2.0925 2.1154 2.0737
0.0000 0.0000 0.0000 0.0000 0.0000 0.1235 0.3704 0.6667 0.9136 1.1111 1.2593 1.3580 1.4074 1.4074 1.3580 1.2593 1.1111 0.9136 0.7037 0.5926 0.4568 0.2963 0.1111 0.0000 0.0000 0.0000 0.0000 0.0000 0.1111 0.2963 0.6168 0.9226 1.1837 1.4001 1.5719 1.7389 1.8912 1.9789 2.0019 1.9601
0.0000 0.0000 0.0000 0.0000 0.0000 0.0000 0.1235 0.4198 0.6667 0.8642 1.0123 1.1111 1.1605 1.1605 1.1111 1.0123 0.8642 0.7037 0.6173 0.5062 0.3704 0.2099 0.0247 0.0000 0.0000 0.0000 0.0000 0.0000 0.1728 0.3580 0.6285 0.9343 1.1954 1.4119 1.5836 1.7106 1.7930 1.8306 1.8236 1.7819
0.0000 0.0000 0.0000 0.0000 0.0000 0.0000 0.0000 0.1235 0.3704 0.5679 0.7160 0.8148 0.8642 0.8642 0.8148 0.7160 0.6543 0.5926 0.5062 0.3951 0.2593 0.0988 0.0000 0.0000 0.0000 0.0000 0.0000 0.0000 0.2099 0.3951 0.5956 0.9014 1.1625 1.3789 1.5506 1.6777 1.7600 1.7977 1.7906 1.7389
0.0000 0.0000 0.0000 0.0000 0.0000 0.0000 0.0000 0.0000 0.1235 0.2593 0.3704 0.4691 0.5185 0.5556 0.5679 0.5556 0.5185 0.4568 0.3704 0.2593 0.1235 0.0000 0.0000 0.0000 0.0000 0.0000 0.0000 0.0123 0.2222 0.4074 0.5679 0.8237 1.0848 1.3012 1.4730 1.6000 1.6823 1.7200 1.7130 1.6612
0.0000 0.0000 0.0000 0.0000 0.0000 0.0000 0.0000 0.0000 0.0000 0.0988 0.2099 0.2963 0.3580 0.3951 0.4074 0.3951 0.3580 0.2963 0.2099 0.0988 0.0000 0.0000 0.0000 0.0000 0.0000 0.0000 0.0000 0.0000 0.2099 0.3951 0.5556 0.7014 0.9625 1.1789 1.3506 1.4777 1.5600 1.5977 1.5906 1.5389
0.0000 0.0000 0.0000 0.0000 0.0000 0.0000 0.0000 0.0000 0.0000 0.0000 0.0247 0.1111 0.1728 0.2099 0.2222 0.2099 0.1728 0.1111 0.0247 0.0000 0.0000 0.0000 0.0000 0.0000 0.0000 0.0000 0.0000 0.0000 0.1728 0.3580 0.5185 0.6543 0.7954 1.0119 1.1836 1.3106 1.3930 1.4306 1.4236 1.3719
0.0000 0.0000 0.0000 0.0000 0.0000 0.0000 0.0000 0.0000 0.0000 0.0000 0.0000 0.0000 0.0000 0.0000 0.0123 0.0000 0.0000 0.0000 0.0000 0.0000 0.0000 0.0000 0.0000 0.0000 0.0000 0.0000 0.0000 0.0000 0.1111 0.2963 0.4568 0.5926 0.7037 0.8001 0.9719 1.0989 1.1812 1.2189 1.2119 1.1601
0.0000 0.0000 0.0000 0.0000 0.0000 0.0000 0.0000 0.0000 0.0000 0.0000 0.0000 0.0000 0.0000 0.0000 0.0000 0.0000 0.0000 0.0000 0.0000 0.0000 0.0000 0.0000 0.0000 0.0000 0.0000 0.0000 0.0000 0.0000 0.0247 0.2099 0.3704 0.5062 0.6173 0.7037 0.7654 0.8425 0.9248 0.9625 0.9554 0.9037
0.0000 0.0000 0.0000 0.0000 0.0000 0.0000 0.0000 0.0000 0.0000 0.0000 0.0000 0.0000 0.0000 0.0000 0.0000 0.0000 0.0000 0.0000 0.0000 0.0000 0.0000 0.0000 0.0000 0.0000 0.0000 0.0000 0.0000 0.0000 0.0000 0.0988 0.2593 0.3951 0.5062 0.5926 0.6543 0.6914 0.7037 0.6914 0.6543 0.6026
0.0000 0.0000 0.0000 0.0000 0.0000 0.0000 0.0000 0.0000 0.0000 0.0000 0.0000 0.0000 0.0000 0.0000 0.0000 0.0000 0.0000 0.0000 0.0000 0.0000 0.0000 0.0000 0.0000 0.0000 0.0000 0.0000 0.0000 0.0000 0.0000 0.0000 0.1235 0.2593 0.3704 0.4568 0.5185 0.5556 0.5679 0.5556 0.5185 0.4568
0.0000 0.0000 0.0000 0.0000 0.0000 0.0000 0.0000 0.0000 0.0000 0.0000 0.0000 0.0000 0.0000 0.0000 0.0000 0.0000 0.0000 0.0000 0.0000 0.0000 0.0000 0.0000 0.0000 0.0000 0.0000 0.0000 0.0000 0.0000 0.0000 0.0000 0.0000 0.0988 0.2099 0.2963 0.3580 0.3951 0.4074 0.3951 0.3580 0.2963
0.0000 0.0000 0.0000 0.0000 0.0000 0.0000 0.0000 0.0000 0.0000 0.0000 0.0000 0.0000 0.0000 0.0000 0.0000 0.0000 0.0000 0.0000 0.0000 0.0000 0.0000 0.0000 0.0000 0.0000 0.0000 0.0000 0.0000 0.0000 0.0000 0.0000 0.0000 0.0000 0.0247 0.1111 0.1728 0.2099 0.2222 0.2099 0.1728 0.1111
