0.0000 0.0000 0.0000 0.0000 0.0000 0.0000 0.0000 0.0000 0.0000 0.0000 0.0000 0.0000 0.0000 0.0000 0.0000 0.0000 0.0000 0.0000 0.0000 0.0000 0.0000 0.0000 0.0000 0.0000 0.0000 0.0000 0.0000 0.0000 0.0000 0.0000 0.0000 0.0000 0.0000 0.0000 0.0000 0.0000 0.0000 0.0000 0.0000 0.0000
0.0000 0.0000 0.0000 0.0000 0.0000 0.0000 0.0000 0.0000 0.0000 0.0000 0.0000 0.0000 0.0000 0.0000 0.0000 0.0000 0.0000 0.0000 0.0000 0.0000 0.0000 0.0000 0.0000 0.0000 0.0000 0.0000 0.0000 0.0000 0.0000 0.0000 0.0000 0.0000 0.0000 0.0000 0.0000 0.0000 0.0000 0.0000 0.0000 0.0000
0.0000 0.0000 0.0000 0.0000 0.0000 0.0000 0.0000 0.0000 0.0000 0.0000 0.0000 0.0000 0.0000 0.0000 0.0000 0.0000 0.0000 0.0000 0.0000 0.0000 0.0000 0.0000 0.0000 0.0000 0.0000 0.0000 0.0000 0.0000 0.0000 0.0000 0.0000 0.0400 0.0000 0.0000 0.0000 0.0000 0.0000 0.0000 0.0000 0.0000
0.0000 0.0000 0.0000 0.0000 0.0000 0.0000 0.0000 0.0000 0.0000 0.0000 0.0000 0.0000 0.0000 0.0000 0.0000 0.0000 0.0000 0.0000 0.0000 0.0000 0.0000 0.0000 0.0000 0.0000 0.0000 0.0000 0.0000 0.0000 0.0400 0.2400 0.3600 0.4000 0.3600 0.2400 0.0400 0.0000 0.0000 0.0000 0.0000 0.0000
0.0000 0.0000 0.0000 0.0000 0.0000 0.0000 0.0000 0.0000 0.0000 0.0000 0.0000 0.0000 0.0000 0.0000 0.0000 0.0000 0.0000 0.0000 0.0000 0.0000 0.0000 0.0000 0.0000 0.0000 0.0000 0.0000 0.0000 0.0400 0.3200 0.5200 0.6400 0.6800 0.6400 0.5200 0.3200 0.0400 0.0000 0.0000 0.0000 0.0000
0.0000 0.0000 0.0000 0.0000 0.0000 0.0000 0.0000 0.0000 0.0000 0.0000 0.0000 0.0000 0.0000 0.0000 0.0000 0.0000 0.0000 0.0000 0.0000 0.0000 0.0000 0.0000 0.0000 0.0000 0.0000 0.0000 0.0000 0.2400 0.5200 0.7200 0.8400 0.8800 0.8400 0.7200 0.5200 0.2400 0.0000 0.0000 0.0000 0.0000
0.0000 0.0000 0.0000 0.0000 0.0000 0.0000 0.0000 0.0000 0.0000 0.0000 0.0000 0.0000 0.0000 0.0000 0.0000 0.0000 0.0000 0.0000 0.0000 0.0000 0.0000 0.0000 0.0000 0.0000 0.0000 0.0000 0.0000 0.3600 0.6400 0.8400 0.9600 1.0000 0.9600 0.8400 0.6400 0.3600 0.0000 0.0000 0.0000 0.0000
0.0000 0.0000 0.0000 0.0000 0.0000 0.0000 0.0000 0.0000 0.0000 0.0000 0.0000 0.0000 0.0000 0.0000 0.0000 0.0000 0.0000 0.0000 0.0000 0.0000 0.0000 0.0000 0.0000 0.0000 0.0000 0.0000 0.0400 0.4000 0.6800 0.8800 1.0000 1.0400 1.0000 0.8800 0.6800 0.4000 0.0400 0.0000 0.0000 0.0000
0.0000 0.0000 0.0000 0.0000 0.0000 0.0000 0.0000 0.0000 0.0000 0.0000 0.0000 0.0000 0.0000 0.0000 0.0000 0.0000 0.0000 0.0000 0.0000 0.0000 0.0000 0.0000 0.0000 0.0000 0.0000 0.0000 0.0000 0.3600 0.6400 0.8400 0.9600 1.0000 0.9600 0.8400 0.6400 0.3600 0.0000 0.0000 0.0000 0.0000
0.0000 0.0000 0.0000 0.0000 0.0000 0.0000 0.0000 0.0400 0.0000 0.0000 0.0000 0.0000 0.0000 0.0000 0.0000 0.0000 0.0000 0.0000 0.0000 0.0000 0.0000 0.0000 0.0000 0.0000 0.0000 0.0000 0.0000 0.2400 0.5200 0.7200 0.8400 0.8800 0.8400 0.7200 0.5200 0.2400 0.0000 0.0000 0.0000 0.0000
0.0000 0.0000 0.0000 0.0000 0.0400 0.2400 0.3600 0.4000 0.3600 0.2400 0.0400 0.0000 0.0000 0.0000 0.0000 0.0000 0.0000 0.0000 0.0000 0.0000 0.0000 0.0000 0.0000 0.0000 0.0000 0.0000 0.0000 0.0400 0.3200 0.5200 0.6400 0.6800 0.6400 0.5200 0.3200 0.0400 0.0000 0.0000 0.0000 0.0000
0.0000 0.0000 0.0000 0.0400 0.3200 0.5200 0.6400 0.6800 0.6400 0.5200 0.3200 0.0400 0.0000 0.0000 0.0000 0.0000 0.0000 0.0000 0.0000 0.0000 0.0000 0.0000 0.0000 0.0000 0.0000 0.0000 0.0000 0.0000 0.0400 0.2400 0.3600 0.4000 0.3600 0.2400 0.0400 0.0000 0.0000 0.0000 0.0000 0.0000
0.0000 0.0000 0.0000 0.2400 0.5200 0.7200 0.8400 0.8800 0.8400 0.7200 0.5200 0.2400 0.0000 0.0000 0.0000 0.0000 0.0000 0.0000 0.0000 0.0000 0.0000 0.0000 0.0000 0.0000 0.0000 0.0000 0.0000 0.0000 0.0000 0.0000 0.0000 0.0400 0.0000 0.0000 0.0000 0.0000 0.0000 0.0000 0.0000 0.0000
0.0000 0.0000 0.0000 0.3600 0.6400 0.8400 0.9600 1.0000 0.9600 0.8400 0.6400 0.3600 0.0000 0.0000 0.0000 0.0000 0.0000 0.0000 0.0000 0.0000 0.0000 0.0000 0.0000 0.0000 0.0000 0.0000 0.0000 0.0000 0.0000 0.0000 0.0000 0.0000 0.0000 0.0000 0.0000 0.0000 0.0000 0.0000 0.0000 0.0000
0.0000 0.0000 0.0400 0.4000 0.6800 0.8800 1.0000 1.0400 1.0000 0.8800 0.6800 0.4000 0.0400 0.0000 0.0000 0.0000 0.0000 0.0000 0.0000 0.0000 0.0000 0.0000 0.0000 0.0000 0.0000 0.0000 0.0000 0.0000 0.0000 0.0000 0.0000 0.0000 0.0000 0.0000 0.0000 0.0000 0.0000 0.0000 0.0000 0.0000
0.0000 0.0000 0.0000 0.3600 0.6400 0.8400 0.9600 1.0000 0.9600 0.8400 0.6400 0.3600 0.0000 0.0000 0.0000 0.0000 0.0000 0.0000 0.0100 0.0000 0.0000 0.0000 0.0000 0.0000 0.0000 0.0000 0.0000 0.0000 0.0000 0.0000 0.0000 0.0000 0.0000 0.0000 0.0000 0.0000 0.0000 0.0000 0.0000 0.0000
0.0000 0.0000 0.0000 0.2400 0.5200 0.7200 0.8400 0.8800 0.8400 0.7200 0.5200 0.2400 0.0000 0.0000 0.0400 0.1100 0.1600 0.2000 0.2000 0.1900 0.1600 0.1100 0.0400 0.0000 0.0000 0.0000 0.0000 0.0000 0.0000 0.0000 0.0000 0.0000 0.0000 0.0000 0.0000 0.0000 0.0000 0.0000 0.0000 0.0000
0.0000 0.0000 0.0000 0.0400 0.3200 0.5200 0.6400 0.6800 0.6400 0.5200 0.3200 0.0400 0.0100 0.1600 0.3200 0.4400 0.5200 0.5600 0.5600 0.5200 0.4400 0.3200 0.2100 0.1200 0.0100 0.0000 0.0000 0.0000 0.0000 0.0000 0.0000 0.0000 0.0000 0.0000 0.0000 0.0000 0.0000 0.0000 0.0000 0.0000
0.0000 0.0000 0.0000 0.0000 0.0400 0.2400 0.3600 0.4000 0.3600 0.2400 0.0400 0.0400 0.2800 0.4800 0.6400 0.7600 0.8400 0.8800 0.8800 0.8400 0.7600 0.6400 0.4800 0.2800 0.1600 0.0300 0.0000 0.0000 0.0000 0.0000 0.0000 0.0000 0.0000 0.0000 0.0000 0.0000 0.0000 0.0000 0.0000 0.0000
0.0000 0.0000 0.0000 0.0000 0.0000 0.0000 0.0000 0.0400 0.0000 0.0000 0.0400 0.3200 0.5600 0.7600 0.9200 1.0400 1.1200 1.1600 1.1600 1.1200 1.0400 0.9200 0.7600 0.5600 0.3200 0.1600 0.0100 0.0000 0.0000 0.0000 0.0000 0.0000 0.0000 0.0000 0.0000 0.0000 0.0000 0.0000 0.0000 0.0000
0.0000 0.0000 0.0000 0.0000 0.0000 0.0000 0.0000 0.0000 0.0000 0.0100 0.2800 0.5600 0.8000 1.0000 1.1600 1.2800 1.3600 1.4000 1.4000 1.3600 1.2800 1.1600 1.0000 0.8000 0.5600 0.2800 0.1200 0.0000 0.0000 0.0000 0.0000 0.0000 0.0000 0.0000 0.0000 0.0000 0.0000 0.0000 0.0000 0.0000
0.0000 0.0000 0.0000 0.0000 0.0000 0.0000 0.0000 0.0000 0.0000 0.1600 0.4800 0.7600 1.0000 1.2000 1.3600 1.4800 1.5600 1.6000 1.6000 1.5600 1.4800 1.3600 1.2000 1.0000 0.7600 0.4800 0.2100 0.0400 0.0000 0.0000 0.0000 0.0000 0.0000 0.0000 0.0000 0.0000 0.0000 0.0000 0.0000 0.0000
0.0000 0.0000 0.0000 0.0000 0.0000 0.0000 0.0000 0.0000 0.0400 0.3200 0.6400 0.9200 1.1600 1.3600 1.5200 1.6400 1.7200 1.7600 1.7600 1.7200 1.6400 1.5200 1.3600 1.1600 0.9200 0.6400 0.3200 0.1100 0.0000 0.0000 0.0000 0.0000 0.0000 0.0000 0.0000 0.0000 0.0278 0.0000 0.0000 0.0278
0.0000 0.0000 0.0000 0.0000 0.0000 0.0000 0.0000 0.0000 0.1100 0.4400 0.7600 1.0400 1.2800 1.4800 1.6400 1.7600 1.8400 1.8800 1.8800 1.8400 1.7600 1.6400 1.4800 1.2800 1.0400 0.7600 0.4400 0.1600 0.0000 0.0000 0.0000 0.0000 0.0000 0.0833 0.2222 0.3056 0.4167 0.5278 0.5278 0.4167
0.0000 0.0000 0.0000 0.0000 0.0000 0.0000 0.0000 0.0000 0.1600 0.5200 0.8400 1.1200 1.3600 1.5600 1.7200 1.8400 1.9200 1.9600 1.9600 1.9200 1.8400 1.7200 1.5600 1.3600 1.1200 0.8400 0.5200 0.1900 0.0000 0.0000 0.0000 0.0000 0.1389 0.3333 0.4722 0.6944 0.9167 1.0278 1.0278 0.9167
0.0000 0.0000 0.0000 0.0000 0.0000 0.0000 0.0000 0.0000 0.2000 0.5600 0.8800 1.1600 1.4000 1.6000 1.7600 1.8800 1.9600 2.0000 2.0000 1.9600 1.8800 1.7600 1.6000 1.4000 1.1600 0.8800 0.5600 0.2000 0.0100 0.0000 0.0000 0.0833 0.3333 0.5278 0.7500 1.0833 1.3056 1.4167 1.4167 1.3056
0.0000 0.0000 0.0000 0.0000 0.0000 0.0000 0.0000 0.0100 0.2000 0.5600 0.8800 1.1600 1.4000 1.6000 1.7600 1.8800 1.9600 2.0000 2.0000 1.9600 1.8800 1.7600 1.6000 1.4000 1.1600 0.8800 0.5600 0.2000 0.0000 0.0000 0.0000 0.2222 0.4722 0.6667 1.0278 1.3611 1.5833 1.6944 1.6944 1.5833
0.0000 0.0000 0.0000 0.0000 0.0000 0.0000 0.0000 0.0000 0.1900 0.5200 0.8400 1.1200 1.3600 1.5600 1.7200 1.8400 1.9200 1.9600 1.9600 1.9200 1.8556 1.7323 1.5600 1.3600 1.1200 0.8400 0.5200 0.1600 0.0000 0.0000 0.0000 0.3056 0.5556 0.7500 1.1944 1.5278 1.7500 1.8611 1.8611 1.7500
0.0000 0.0000 0.0000 0.0000 0.0000 0.0000 0.0000 0.0000 0.1600 0.4400 0.7600 1.0400 1.2800 1.4800 1.6400 1.7600 1.8400 2.0141 2.1786 2.2472 2.2199 2.0966 1.8774 1.5622 1.1511 0.7847 0.4400 0.1100 0.0000 0.0000 0.0278 0.3333 0.5833 0.8056 1.2500 1.5957 1.8056 1.9167 1.9167 1.8056
0.0000 0.0000 0.0000 0.0000 0.0000 0.0000 0.0000 0.0000 0.1100 0.3200 0.6400 0.9200 1.1600 1.3600 1.5200 1.7025 2.0219 2.2824 2.4469 2.5155 2.4882 2.3649 2.1457 1.8305 1.4194 0.9124 0.4188 0.0400 0.0000 0.0000 0.0000 0.3302 0.6667 0.9228 1.4043 1.7500 1.9599 2.0340 1.9722 1.7747
0.0000 0.0000 0.0000 0.0000 0.0000 0.0000 0.0000 0.0000 0.0400 0.2100 0.4800 0.7600 1.0000 1.2000 1.4225 1.8378 2.1943 2.4547 2.6193 2.6879 2.6606 2.5373 2.3181 2.0029 1.5918 1.0847 0.4818 0.1235 0.0000 0.0000 0.0988 0.4321 0.7685 1.0247 1.4228 1.7685 1.9784 2.0525 1.9907 1.7932
0.0000 0.0000 0.0000 0.0000 0.0000 0.0000 0.0000 0.0000 0.0000 0.1200 0.2800 0.5600 0.8000 1.0000 1.4619 1.9143 2.2707 2.5312 2.6957 2.7643 2.7370 2.6137 2.3945 2.0793 1.6682 1.1612 0.6082 0.2593 0.0988 0.1235 0.2593 0.4537 0.7901 1.0463 1.3056 1.6512 1.8611 1.9352 1.8735 1.6759
0.0000 0.0000 0.0000 0.0000 0.0000 0.0000 0.0000 0.0000 0.0000 0.0100 0.1600 0.3200 0.5600 0.8941 1.4424 1.8947 2.2512 2.5117 2.6762 2.7448 2.7175 2.5942 2.3750 2.0598 1.6487 1.1417 0.8187 0.4797 0.3086 0.2840 0.3951 0.5062 0.7315 0.9877 1.1636 1.3981 1.6080 1.6821 1.6204 1.4228
0.0000 0.0000 0.0000 0.0000 0.0000 0.0000 0.0000 0.0000 0.0000 0.0000 0.0300 0.1600 0.2800 0.7786 1.3269 1.7793 2.1357 2.3962 2.5607 2.6294 2.6020 2.4787 2.2595 1.9444 1.5332 1.2662 0.9832 0.6690 0.5062 0.4815 0.5062 0.6173 0.7037 0.8488 1.0247 1.1204 1.2191 1.2932 1.2315 1.0340
0.0000 0.0000 0.0000 0.0000 0.0000 0.0000 0.0000 0.0000 0.0000 0.0000 0.0000 0.0100 0.1200 0.6172 1.1155 1.5679 1.9243 2.1848 2.3494 2.4180 2.3906 2.2673 2.0481 1.7830 1.6019 1.3748 1.0918 0.8640 0.6543 0.6296 0.5926 0.7037 0.7901 0.8519 0.8889 0.9012 0.9167 0.8519 0.7901 0.7315
0.0000 0.0000 0.0000 0.0000 0.0000 0.0000 0.0000 0.0000 0.0000 0.0000 0.0000 0.0000 0.0156 0.4999 0.9582 1.3406 1.6470 1.8775 2.0420 2.1106 2.1133 2.0400 1.9408 1.8256 1.6545 1.4275 1.1445 0.9784 0.7687 0.7284 0.6543 0.7654 0.8519 0.9136 0.9506 0.9630 0.9506 0.9136 0.8519 0.7654
0.0000 0.0000 0.0000 0.0000 0.0000 0.0000 0.0000 0.0000 0.0000 0.0000 0.0000 0.0000 0.0123 0.4566 0.8449 1.1773 1.4537 1.6842 1.8387 1.9473 2.0000 1.9967 1.9375 1.8223 1.6512 1.4242 1.1412 1.0122 0.8025 0.7778 0.7037 0.8025 0.8889 0.9506 0.9877 1.0000 0.9877 0.9506 0.8889 0.8025
0.0000 0.0000 0.0000 0.0000 0.0000 0.0000 0.0000 0.0000 0.0000 0.0000 0.0000 0.0000 0.0000 0.3974 0.7857 1.1181 1.3945 1.6150 1.7795 1.8881 1.9408 1.9375 1.8783 1.7631 1.5920 1.3650 1.0943 0.9653 0.8025 0.7778 0.7037 0.8148 0.9012 0.9630 1.0000 1.0123 1.0000 0.9630 0.9012 0.8148
0.0000 0.0000 0.0000 0.0000 0.0000 0.0000 0.0000 0.0000 0.0000 0.0000 0.0000 0.0000 0.0000 0.2822 0.6705 1.0029 1.2793 1.4998 1.6644 1.7730 1.8256 1.8223 1.7631 1.6480 1.4769 1.2498 0.9668 0.8378 0.7531 0.7284 0.6914 0.8025 0.8889 0.9506 0.9877 1.0000 0.9877 0.9506 0.8889 0.8025
0.0000 0.0000 0.0000 0.0000 0.0000 0.0000 0.0000 0.0000 0.0000 0.0000 0.0000 0.0000 0.0000 0.1111 0.4994 0.8318 1.1082 1.3287 1.4932 1.6019 1.6545 1.6512 1.5920 1.4769 1.3057 1.0787 0.7957 0.6296 0.6543 0.6296 0.6543 0.7654 0.8519 0.9136 0.9506 0.9630 0.9506 0.9136 0.8519 0.7654
