0.0000 0.0000 0.0000 0.0000 0.0000 0.0000 0.0000 0.0000 0.0000 0.0000 0.0000 0.0000 0.0000 0.0000 0.0000 0.0000 0.0000 0.0000 0.0000 0.0000 0.0000 0.0000 0.0000 0.0000 0.0000 0.0000 0.0000 0.0000 0.0000 0.0000 0.0000 0.0988 0.2099 0.2963 0.3580 0.3951 0.4074 0.3951 0.3680 0.2963
0.0000 0.0000 0.0000 0.0000 0.0000 0.0000 0.0000 0.0000 0.0000 0.0000 0.0000 0.0000 0.0000 0.0000 0.0000 0.0000 0.0000 0.0000 0.0000 0.0000 0.0000 0.0123 0.0000 0.0000 0.0000 0.0000 0.0000 0.0000 0.0000 0.0000 0.1235 0.2593 0.3704 0.4568 0.5585 0.6656 0.7279 0.7456 0.7185 0.6468
0.0000 0.0000 0.0000 0.0000 0.0000 0.0000 0.0000 0.0000 0.0000 0.0000 0.0000 0.0000 0.0000 0.0000 0.0000 0.0000 0.0000 0.0247 0.1111 0.1728 0.2099 0.2222 0.2099 0.1728 0.1111 0.0247 0.0000 0.0000 0.0000 0.0988 0.2593 0.3951 0.5162 0.7126 0.8643 0.9714 1.0337 1.0514 1.0243 0.9526
0.0000 0.0000 0.0000 0.0000 0.0000 0.0000 0.0000 0.0000 0.0000 0.0000 0.0000 0.0000 0.0000 0.0000 0.0000 0.0000 0.0988 0.2099 0.2963 0.3580 0.3951 0.4074 0.3951 0.3580 0.2963 0.2099 0.0988 0.0000 0.0247 0.2099 0.3704 0.5362 0.7773 0.9737 1.1254 1.2325 1.2948 1.3125 1.2854 1.2137
0.0000 0.0000 0.0000 0.0000 0.0000 0.0000 0.0000 0.0000 0.0000 0.0000 0.0000 0.0000 0.0000 0.0000 0.0000 0.1235 0.2593 0.3704 0.4568 0.5185 0.5556 0.5679 0.5556 0.5185 0.4568 0.3704 0.2593 0.1235 0.1111 0.2963 0.4668 0.7526 0.9937 1.1901 1.3419 1.4489 1.5112 1.5289 1.5019 1.4301
0.0000 0.0000 0.0000 0.0000 0.0000 0.0000 0.0000 0.0000 0.0000 0.0000 0.0000 0.0000 0.0000 0.0000 0.0988 0.2593 0.3951 0.5062 0.5926 0.6543 0.6914 0.7037 0.6914 0.6543 0.5926 0.5062 0.3951 0.2593 0.2716 0.3580 0.6385 0.9243 1.1654 1.3619 1.5136 1.6206 1.6830 1.7006 1.6736 1.6019
0.0000 0.0000 0.0000 0.0000 0.0000 0.0000 0.0000 0.0000 0.0000 0.0000 0.0000 0.0000 0.0000 0.0247 0.2099 0.3704 0.5062 0.6173 0.7037 0.7654 0.8025 0.8148 0.8025 0.7654 0.7037 0.6173 0.5062 0.3704 0.4198 0.4598 0.7656 1.0514 1.2925 1.4889 1.6406 1.7477 1.8100 1.8277 1.8006 1.7289
0.0000 0.0000 0.0000 0.0000 0.0000 0.0000 0.0000 0.0000 0.0000 0.0000 0.0000 0.0000 0.0000 0.1111 0.2963 0.4568 0.5926 0.7037 0.7901 0.8519 0.8889 0.9012 0.8889 0.8519 0.7901 0.7037 0.5926 0.4691 0.5185 0.6285 0.8479 1.1337 1.3748 1.5712 1.7230 1.8300 1.8923 1.9100 1.8830 1.8112
0.0000 0.0000 0.0000 0.0000 0.0000 0.0000 0.0000 0.0000 0.0000 0.0000 0.0000 0.0000 0.0000 0.1728 0.3580 0.5185 0.6543 0.7654 0.8519 0.9136 0.9506 0.9630 0.9506 0.9136 0.8519 0.7654 0.6543 0.5185 0.5679 0.7279 0.8856 1.1714 1.4125 1.6089 1.7606 1.8677 1.9300 1.9477 1.9206 1.8489
0.0000 0.0000 0.0000 0.0000 0.0000 0.0000 0.0000 0.0000 0.0000 0.0000 0.0000 0.0000 0.0000 0.2099 0.3951 0.5556 0.6914 0.8025 0.8889 0.9506 0.9877 1.0000 0.9877 0.9506 0.8889 0.8025 0.6914 0.5556 0.5679 0.7579 0.8785 1.1643 1.4054 1.6019 1.7536 1.8606 1.9230 1.9406 1.9136 1.8419
0.0000 0.0000 0.0000 0.0000 0.0000 0.0000 0.0000 0.0278 0.0000 0.0000 0.0000 0.0000 0.0123 0.2222 0.4074 0.5679 0.7037 0.8148 0.9012 0.9630 1.0000 1.0123 1.0000 0.9630 0.9012 0.8148 0.7037 0.5679 0.5285 0.7185 0.8391 1.1126 1.3537 1.5501 1.7019 1.8089 1.8712 1.8889 1.8619 1.7901
0.0000 0.0000 0.0000 0.0000 0.0833 0.2222 0.3056 0.3333 0.3056 0.2222 0.0833 0.0000 0.0000 0.2099 0.3951 0.5556 0.6914 0.8025 0.8889 0.9506 0.9877 1.0000 0.9877 0.9506 0.8889 0.8025 0.6914 0.5556 0.4198 0.6098 0.7304 1.0162 1.2573 1.4537 1.6054 1.7125 1.7748 1.7925 1.7654 1.6937
0.0000 0.0000 0.0000 0.1389 0.3333 0.4722 0.5556 0.5833 0.5556 0.4722 0.3333 0.1389 0.0000 0.1728 0.3580 0.5185 0.6543 0.7654 0.8519 0.9136 0.9506 0.9630 0.9506 0.9136 0.8519 0.7654 0.6543 0.5185 0.3580 0.4316 0.5893 0.8751 1.1162 1.3126 1.4643 1.5714 1.6337 1.6514 1.6243 1.5526
0.0000 0.0000 0.0833 0.3333 0.5278 0.6667 0.7500 0.7778 0.7500 0.6667 0.5278 0.3333 0.0833 0.1111 0.2963 0.4568 0.5926 0.7037 0.7901 0.8519 0.8889 0.9012 0.8889 0.8519 0.7901 0.7037 0.5926 0.4568 0.2963 0.2211 0.4035 0.6893 0.9304 1.1268 1.2785 1.3856 1.4479 1.4656 1.4385 1.3668
0.0000 0.0000 0.2222 0.4722 0.6667 0.8056 0.8889 0.9167 0.8889 0.8056 0.6667 0.4722 0.2222 0.0247 0.2099 0.3704 0.5062 0.6173 0.7037 0.7654 0.8025 0.8148 0.8025 0.7654 0.7037 0.6173 0.5062 0.3704 0.2099 0.0647 0.2100 0.4588 0.6999 0.8963 1.0480 1.1551 1.2174 1.2351 1.2080 1.1363
0.0000 0.0000 0.3056 0.5556 0.7500 0.8889 0.9722 1.0000 0.9722 0.8889 0.7500 0.5556 0.3056 0.0000 0.0988 0.2593 0.3951 0.5062 0.5926 0.6543 0.6914 0.7037 0.6914 0.6543 0.5926 0.5062 0.3951 0.2593 0.0988 0.0000 0.1200 0.2700 0.4247 0.6211 0.7728 0.8799 0.9422 0.9599 0.9328 0.8611
0.0000 0.0278 0.3333 0.5833 0.7778 0.9167 1.0000 1.0278 1.0000 0.9167 0.7778 0.5833 0.3333 0.0278 0.0000 0.1235 0.2593 0.3704 0.4568 0.5185 0.5556 0.5679 0.5556 0.5185 0.4568 0.3704 0.2593 0.1235 0.0000 0.0000 0.0100 0.1600 0.2900 0.4000 0.4900 0.5600 0.6223 0.6400 0.6500 0.6400
0.0000 0.0000 0.3056 0.5556 0.7500 0.8889 0.9722 1.0000 0.9722 0.8889 0.7500 0.5556 0.3056 0.0000 0.0000 0.0000 0.0988 0.2099 0.2963 0.3580 0.3951 0.4074 0.3951 0.3580 0.2963 0.2099 0.0988 0.0000 0.0000 0.0000 0.0000 0.0300 0.1600 0.2700 0.3600 0.4300 0.4800 0.5100 0.5200 0.5100
0.0000 0.0000 0.2222 0.4722 0.6667 0.8056 0.8889 0.9167 0.8889 0.8056 0.6667 0.4722 0.2222 0.0000 0.0000 0.0000 0.0000 0.0247 0.1111 0.1728 0.2099 0.2222 0.2099 0.1728 0.1111 0.0247 0.0000 0.0000 0.0000 0.0000 0.0000 0.0000 0.0100 0.1200 0.2100 0.2800 0.3300 0.3600 0.3700 0.3600
0.0000 0.0000 0.0833 0.3333 0.5278 0.6667 0.7500 0.7778 0.7500 0.6667 0.5278 0.3333 0.0833 0.0000 0.0000 0.0000 0.0000 0.0000 0.0000 0.0000 0.0000 0.0123 0.0000 0.0000 0.0000 0.0000 0.0000 0.0000 0.0000 0.0000 0.0000 0.0000 0.0000 0.0000 0.0400 0.1100 0.1600 0.1900 0.2000 0.1900
0.0000 0.0000 0.0000 0.1389 0.3333 0.4722 0.5556 0.5833 0.5556 0.4722 0.3333 0.1389 0.0000 0.0000 0.0000 0.0000 0.0000 0.0000 0.0000 0.0000 0.0000 0.0000 0.0000 0.0204 0.0000 0.0000 0.0000 0.0000 0.0000 0.0000 0.0000 0.0000 0.0000 0.0000 0.0000 0.0000 0.0000 0.0000 0.0100 0.0000
0.0000 0.0000 0.0000 0.0000 0.0833 0.2222 0.3056 0.3333 0.3056 0.2222 0.0833 0.0000 0.0000 0.0000 0.0000 0.0000 0.0204 0.0000 0.0000 0.0000 0.1020 0.2041 0.2653 0.2857 0.2653 0.2041 0.1020 0.0000 0.0000 0.0000 0.0000 0.0000 0.0000 0.0000 0.0000 0.0000 0.0000 0.0000 0.0000 0.0000
0.0000 0.0000 0.0000 0.0000 0.0000 0.0000 0.0000 0.0278 0.0000 0.0000 0.0000 0.0000 0.0000 0.1020 0.2041 0.2653 0.2857 0.2653 0.2041 0.2857 0.3265 0.4286 0.4898 0.5102 0.4898 0.4286 0.3265 0.1837 0.0000 0.0000 0.0000 0.0000 0.0000 0.0000 0.0000 0.0000 0.0000 0.0000 0.0000 0.0000
0.0000 0.0000 0.0000 0.0000 0.0000 0.0000 0.0000 0.0000 0.0000 0.0000 0.0000 0.0000 0.1837 0.3265 0.4286 0.4898 0.5102 0.4898 0.6122 0.6939 0.6939 0.6122 0.7135 0.6939 0.6735 0.6122 0.5102 0.3673 0.1837 0.0000 0.0000 0.0000 0.0000 0.0000 0.0000 0.0000 0.0000 0.0000 0.0000 0.0000
0.0000 0.0000 0.0000 0.0000 0.0000 0.0000 0.0000 0.0000 0.0000 0.0000 0.0000 0.1837 0.3673 0.5102 0.6122 0.6735 0.6939 0.7755 0.9388 1.0604 1.2604 1.2988 1.2163 1.1967 1.0563 0.7951 0.6531 0.5102 0.3265 0.1020 0.0000 0.0000 0.0000 0.0000 0.0000 0.0000 0.0000 0.0000 0.0000 0.0000
0.0000 0.0000 0.0000 0.0000 0.0000 0.0000 0.0000 0.0000 0.0000 0.0000 0.1020 0.3265 0.5102 0.6531 0.7551 0.8163 0.8367 1.0204 1.2237 1.5853 1.7853 1.8237 1.7004 1.5788 1.4384 1.1771 0.7951 0.6122 0.4286 0.2041 0.0000 0.0000 0.0000 0.0000 0.0000 0.0000 0.0000 0.0000 0.0000 0.0000
0.0000 0.0000 0.0000 0.0000 0.0000 0.0000 0.0000 0.0000 0.0000 0.0000 0.2041 0.4286 0.6122 0.7551 0.8571 0.9184 0.9388 1.1837 1.5869 1.9486 2.1486 2.1869 2.0637 1.8400 1.6996 1.4384 1.0563 0.6735 0.4898 0.2653 0.0000 0.0000 0.0000 0.0000 0.0000 0.0000 0.0000 0.0000 0.0000 0.0000
0.0000 0.0000 0.0000 0.0000 0.0000 0.0000 0.0000 0.0000 0.0000 0.0000 0.2653 0.4898 0.6735 0.8163 0.9184 0.9796 1.0204 1.2653 1.7886 2.1502 2.3502 2.3886 2.2653 1.9804 1.8400 1.5788 1.1967 0.6939 0.5102 0.2857 0.0204 0.0000 0.0000 0.0000 0.0000 0.0000 0.0000 0.0000 0.0000 0.0000
0.0000 0.0000 0.0000 0.0000 0.0000 0.0000 0.0000 0.0000 0.0000 0.0204 0.2857 0.5102 0.6939 0.8367 0.9388 1.0000 1.0204 1.3053 1.8286 2.1902 2.3902 2.4286 2.3053 2.0204 1.8596 1.5984 1.2163 0.7135 0.4898 0.2653 0.0000 0.0000 0.0000 0.0000 0.0000 0.0000 0.0000 0.0000 0.0000 0.1094
0.0000 0.0000 0.0000 0.0000 0.0000 0.0000 0.0000 0.0000 0.0000 0.0000 0.2653 0.4898 0.6735 0.8163 0.9184 0.9796 1.0000 1.1837 1.7069 2.0686 2.2686 2.3069 2.1837 1.8988 1.7584 1.4971 1.1151 0.6122 0.4286 0.2041 0.0000 0.0000 0.0000 0.0000 0.0000 0.0000 0.0000 0.0625 0.2031 0.3125
0.0000 0.0000 0.0000 0.0000 0.0000 0.0000 0.0000 0.0000 0.0000 0.0000 0.2041 0.4286 0.6122 0.7551 0.8571 0.9184 0.9388 1.0204 1.4237 1.7853 1.9853 2.0237 1.9004 1.6767 1.5363 1.2751 0.8931 0.5102 0.3265 0.1020 0.0000 0.0000 0.0000 0.0000 0.0000 0.0000 0.0625 0.2344 0.3750 0.4844
0.0000 0.0000 0.0000 0.0000 0.0000 0.0000 0.0000 0.0000 0.0000 0.0000 0.1020 0.3265 0.5102 0.6531 0.7551 0.8163 0.8367 0.8163 0.9788 1.3404 1.5404 1.5788 1.4555 1.3339 1.1935 0.9322 0.5502 0.3673 0.1837 0.0000 0.0000 0.0000 0.0000 0.0000 0.0000 0.0000 0.2031 0.3750 0.5156 0.6250
0.0000 0.0000 0.0000 0.0000 0.0000 0.0000 0.0000 0.0000 0.0000 0.0000 0.0000 0.1837 0.3673 0.5102 0.6122 0.6735 0.6939 0.6735 0.6122 0.7339 0.9339 0.9722 0.8898 0.8702 0.7298 0.4686 0.3265 0.1837 0.0000 0.0000 0.0000 0.0000 0.0000 0.0000 0.0000 0.1094 0.3125 0.4844 0.6250 0.7344
0.0000 0.0000 0.0000 0.0000 0.0000 0.0000 0.0156 0.0000 0.0000 0.0000 0.0000 0.0000 0.1837 0.3265 0.4286 0.4898 0.5102 0.4898 0.4286 0.3265 0.2857 0.2041 0.3053 0.2857 0.2653 0.2041 0.1020 0.0000 0.0000 0.0000 0.0000 0.0000 0.0000 0.0000 0.0000 0.1875 0.3906 0.5625 0.7031 0.8125
0.0000 0.0000 0.0000 0.1094 0.1875 0.2344 0.2500 0.2344 0.1875 0.1094 0.0000 0.0000 0.0000 0.1020 0.2041 0.2653 0.2857 0.2653 0.2041 0.1020 0.0000 0.0000 0.0000 0.0204 0.0000 0.0000 0.0000 0.0000 0.0000 0.0000 0.0000 0.0000 0.0000 0.0000 0.0000 0.2344 0.4375 0.6094 0.7500 0.8594
0.0000 0.0625 0.2031 0.3125 0.3906 0.4375 0.4531 0.4375 0.3906 0.3125 0.2031 0.0625 0.0000 0.0000 0.0000 0.0000 0.0204 0.0000 0.0000 0.0000 0.0000 0.0000 0.0000 0.0000 0.0000 0.0000 0.0000 0.0000 0.0000 0.0000 0.0000 0.0000 0.0000 0.0000 0.0156 0.2500 0.4531 0.6250 0.7656 0.8750
0.0625 0.2344 0.3750 0.4844 0.5625 0.6094 0.6250 0.6094 0.5625 0.4844 0.3750 0.2344 0.0625 0.0000 0.0000 0.0000 0.0000 0.0000 0.0000 0.0000 0.0000 0.0000 0.0000 0.0000 0.0000 0.0000 0.0000 0.0000 0.0000 0.0000 0.0000 0.0000 0.0000 0.0000 0.0000 0.2344 0.4375 0.6094 0.7500 0.8594
0.2031 0.3750 0.5156 0.6250 0.7031 0.7500 0.7656 0.7500 0.7031 0.6250 0.5156 0.3750 0.2031 0.0000 0.0000 0.0000 0.0000 0.0000 0.0000 0.0000 0.0000 0.0000 0.0000 0.0000 0.0000 0.0000 0.0000 0.0000 0.0000 0.0000 0.0000 0.0000 0.0000 0.0000 0.0000 0.1875 0.3906 0.5625 0.7031 0.8125
0.3125 0.4844 0.6250 0.7344 0.8125 0.8594 0.8750 0.8594 0.8125 0.7344 0.6250 0.4844 0.3125 0.1094 0.0000 0.0000 0.0000 0.0000 0.0000 0.0000 0.0000 0.0000 0.0000 0.0000 0.0000 0.0000 0.0000 0.0000 0.0000 0.0000 0.0000 0.0000 0.0000 0.0000 0.0000 0.1094 0.3125 0.4844 0.6250 0.7344
0.3906 0.5625 0.7031 0.8125 0.8906 0.9375 0.9531 0.9375 0.8906 0.8125 0.7031 0.5625 0.3906 0.1875 0.0000 0.0000 0.0000 0.0000 0.0000 0.0000 0.0000 0.0000 0.0000 0.0000 0.0000 0.0000 0.0000 0.0000 0.0000 0.0000 0.0000 0.0000 0.0000 0.0000 0.0000 0.0000 0.2031 0.3750 0.5156 0.6250
