0.0000 0.0000 0.0000 0.0000 0.0000 0.0000 0.0000 0.0000 0.0000 0.0000 0.0000 0.0000 0.0000 0.0000 0.0000 0.0000 0.0000 0.0000 0.0000 0.0000 0.0000 0.0000 0.0000 0.0000 0.0000 0.0000 0.0000 0.0000 0.0100 0.0000 0.0000 0.0000 0.0000 0.0000 0.0000 0.0000 0.0000 0.0000 0.0000 0.0000
0.0000 0.0000 0.0000 0.0000 0.0000 0.0000 0.0156 0.0000 0.0000 0.0000 0.0000 0.0000 0.0000 0.0000 0.0000 0.0000 0.0000 0.0000 0.0000 0.0000 0.0000 0.0000 0.0000 0.0000 0.0400 0.1100 0.1600 0.1900 0.2000 0.1900 0.1600 0.1100 0.0400 0.0000 0.0000 0.0000 0.0000 0.0000 0.0000 0.0100
0.0000 0.0000 0.0000 0.1094 0.1875 0.2344 0.2500 0.2344 0.1875 0.1094 0.0000 0.0000 0.0000 0.0000 0.0000 0.0000 0.0000 0.0000 0.0000 0.0000 0.0000 0.0000 0.0100 0.1200 0.2100 0.2800 0.3300 0.3600 0.3700 0.3600 0.3300 0.2800 0.2100 0.1200 0.0100 0.0400 0.1100 0.1600 0.1900 0.2000
0.0000 0.0625 0.2031 0.3125 0.3906 0.4375 0.4531 0.4375 0.3906 0.3125 0.2031 0.0625 0.0000 0.0000 0.0000 0.0000 0.0000 0.0000 0.0000 0.0000 0.0000 0.0300 0.1600 0.2700 0.3600 0.4300 0.4800 0.5100 0.5200 0.5100 0.4800 0.4300 0.3600 0.2800 0.2800 0.2400 0.2800 0.3300 0.3600 0.3700
0.0625 0.2344 0.3750 0.4844 0.5625 0.6094 0.6250 0.6094 0.5625 0.4844 0.3750 0.2344 0.0625 0.0000 0.0000 0.0000 0.0000 0.0000 0.0000 0.0000 0.0100 0.1600 0.2900 0.4000 0.4900 0.5600 0.6100 0.6400 0.6500 0.6400 0.6100 0.5600 0.5200 0.5600 0.5600 0.5200 0.4400 0.4800 0.5100 0.5200
0.2031 0.3750 0.5156 0.6250 0.7031 0.7500 0.7656 0.7500 0.7031 0.6250 0.5556 0.3750 0.2031 0.0000 0.0000 0.0000 0.0000 0.0000 0.0000 0.0000 0.1200 0.2700 0.4000 0.5100 0.6000 0.6700 0.7200 0.7500 0.7600 0.7500 0.7200 0.6800 0.7600 0.8000 0.8000 0.7600 0.6800 0.6100 0.6400 0.6500
0.3125 0.4844 0.6250 0.7344 0.8125 0.8594 0.8750 0.8994 1.0525 1.0944 1.0250 0.8444 0.5525 0.1494 0.0000 0.0000 0.0000 0.0000 0.0000 0.0400 0.2100 0.3600 0.4900 0.6000 0.6900 0.7600 0.8100 0.8400 0.8500 0.8400 0.8100 0.8800 0.9600 1.0000 1.0000 0.9600 0.8800 0.7600 0.7500 0.7600
0.3906 0.5625 0.7031 0.8125 0.8906 0.9375 0.9931 1.2575 1.4106 1.4525 1.3831 1.2025 0.9106 0.5075 0.0400 0.0000 0.0000 0.0000 0.0000 0.1100 0.2800 0.4300 0.5600 0.6700 0.7600 0.8300 0.8800 0.9100 0.9200 0.9100 0.9200 1.0400 1.1200 1.1600 1.1600 1.1200 1.0400 0.9200 0.8400 0.8500
0.4375 0.6094 0.7500 0.8594 0.9375 0.9844 1.2400 1.5044 1.6575 1.6994 1.6300 1.4494 1.1575 0.7544 0.2400 0.0000 0.0000 0.0000 0.0000 0.1600 0.3456 0.4800 0.6100 0.7200 0.8100 0.8800 0.9300 0.9600 0.9700 0.9600 1.0400 1.1600 1.2400 1.2800 1.2800 1.2400 1.1600 1.0400 0.9100 0.9200
0.4531 0.6250 0.7656 0.8750 0.9531 1.0000 1.3756 1.6400 1.7931 1.8350 1.7656 1.5850 1.2931 0.8900 0.3756 0.0000 0.0000 0.1094 0.1875 0.4244 0.6100 0.7444 0.8375 0.8594 0.8400 0.9100 0.9600 0.9900 1.0000 0.9900 1.1200 1.2400 1.3200 1.3600 1.3600 1.3200 1.2400 1.1200 0.9600 0.9700
0.4375 0.6094 0.7500 0.8594 0.9375 1.0244 1.4000 1.6644 1.8175 1.8594 1.7900 1.6094 1.3175 0.9144 0.4000 0.1025 0.2031 0.3125 0.4406 0.7475 0.9831 1.1475 1.2406 1.2625 1.2131 1.0925 1.0100 1.0000 1.0100 1.0000 1.1600 1.2800 1.3600 1.4000 1.4000 1.3600 1.2800 1.1600 1.0000 1.0000
0.3906 0.5625 0.7031 0.8125 0.8906 0.9375 1.3131 1.5775 1.7306 1.7725 1.7031 1.5225 1.2306 0.8275 0.4225 0.2344 0.3850 0.6044 0.7725 1.0794 1.3150 1.4794 1.5725 1.5944 1.5450 1.4244 1.2325 1.1100 1.0100 1.0000 1.1600 1.2800 1.3600 1.4000 1.4000 1.3600 1.2800 1.1600 1.0000 1.0000
0.3125 0.4844 0.6250 0.7344 0.8125 0.8594 1.1150 1.3794 1.5325 1.5744 1.5050 1.3244 1.0325 0.6294 0.4431 0.4050 0.6756 0.8950 1.0631 1.3400 1.5756 1.7400 1.8331 1.8550 1.8056 1.6850 1.4931 1.2300 1.1300 0.9900 1.1200 1.2400 1.3200 1.3600 1.3600 1.3200 1.2400 1.1200 0.9900 1.0000
0.2031 0.3750 0.5156 0.6250 0.7031 0.7500 0.8056 1.0700 1.2231 1.2650 1.1956 1.0150 0.7231 0.4294 0.3625 0.6444 0.9150 1.1344 1.3025 1.5294 1.7650 1.9294 2.0225 2.0444 1.9950 1.8744 1.6825 1.4194 1.2100 1.0700 1.0500 1.1600 1.2400 1.2800 1.2800 1.2400 1.1600 1.0400 0.9600 0.9700
0.0625 0.2344 0.3750 0.4844 0.5625 0.6094 0.6250 0.6494 0.8025 0.8444 0.7750 0.5944 0.3025 0.2275 0.5106 0.8325 1.1031 1.3225 1.4906 1.6475 1.8831 2.0475 2.1406 2.1625 2.1131 1.9925 1.8006 1.5375 1.2500 1.1100 1.0400 1.0400 1.1200 1.1600 1.1600 1.1200 1.0400 0.9200 0.9100 0.9200
0.0000 0.0625 0.2031 0.3125 0.3906 0.4375 0.4531 0.4375 0.3906 0.3125 0.2431 0.0625 0.0000 0.2744 0.6475 0.9694 1.2400 1.4594 1.6275 1.7444 1.9300 2.0944 2.1875 2.2094 2.1600 2.0394 1.8475 1.5844 1.2656 1.1100 0.9700 0.9200 0.9600 1.0000 1.0000 0.9600 0.8800 0.8100 0.8400 0.8500
0.0000 0.0000 0.0000 0.1094 0.1875 0.2344 0.2500 0.2344 0.1875 0.1094 0.0000 0.0000 0.0156 0.3600 0.7331 1.0550 1.3256 1.5450 1.7131 1.8300 1.9056 2.0700 2.1631 2.1850 2.1356 2.1244 2.0106 1.7944 1.4756 1.3044 1.0775 0.8994 0.7600 0.8000 0.8000 0.7600 0.6800 0.7200 0.7500 0.7600
0.0000 0.0000 0.0000 0.0000 0.0000 0.0000 0.0156 0.0000 0.0000 0.0000 0.0000 0.0000 0.0000 0.3944 0.7675 1.0894 1.3600 1.5794 1.7475 1.8644 1.9300 1.9744 2.0675 2.1519 2.2431 2.2319 2.1181 1.9019 1.5831 1.4275 1.2006 0.9125 0.7231 0.6225 0.5600 0.5200 0.5600 0.6100 0.6400 0.6500
0.0000 0.0000 0.0000 0.0000 0.0000 0.0000 0.0000 0.0400 0.0000 0.0000 0.0000 0.0000 0.0000 0.3775 0.7506 1.0725 1.3431 1.5625 1.7306 1.8475 1.9131 1.9275 1.9631 2.1569 2.2481 2.2369 2.1231 1.9069 1.6350 1.4794 1.2525 0.9544 0.6150 0.5144 0.3425 0.3600 0.4300 0.4800 0.5100 0.5200
0.0000 0.0000 0.0000 0.0000 0.0400 0.2400 0.3600 0.4000 0.3600 0.2400 0.0400 0.0000 0.0100 0.3094 0.6825 1.0044 1.2750 1.4944 1.6625 1.7794 1.8450 1.8594 2.0256 2.1094 2.1506 2.1394 2.0256 1.8094 1.6156 1.4600 1.2331 0.9350 0.5656 0.3850 0.3231 0.2100 0.2800 0.3300 0.3600 0.3700
0.0000 0.0000 0.0000 0.0400 0.3200 0.5200 0.6400 0.6800 0.6400 0.5200 0.3200 0.0400 0.0000 0.1900 0.5631 0.8850 1.1556 1.3750 1.5431 1.6600 1.7256 1.8494 2.0156 2.0994 2.1006 2.0194 1.8556 1.6094 1.5250 1.3694 1.1725 0.9244 0.6250 0.4844 0.3125 0.1494 0.1100 0.1600 0.1900 0.2000
0.0000 0.0000 0.0000 0.2400 0.5200 0.7200 0.8400 0.8800 0.8400 0.7200 0.5200 0.2400 0.0000 0.1600 0.3925 0.7144 0.9850 1.2044 1.3725 1.4894 1.5550 1.7569 1.9231 2.0069 2.0081 1.9269 1.7631 1.6575 1.5631 1.4175 1.2206 0.9725 0.7031 0.5625 0.3906 0.1875 0.0000 0.0000 0.0000 0.0100
0.0000 0.0000 0.0000 0.3600 0.6400 0.8400 0.9600 1.0000 0.9600 0.8400 0.6400 0.3600 0.0000 0.1100 0.2800 0.4925 0.7631 0.9825 1.1506 1.2675 1.3331 1.5819 1.7481 1.8319 1.8331 1.7519 1.6975 1.6544 1.5600 1.4144 1.2175 0.9694 0.7500 0.6094 0.4375 0.2344 0.0000 0.0000 0.0000 0.0000
0.0000 0.0000 0.0400 0.4000 0.6800 0.8800 1.0000 1.0400 1.0000 0.8800 0.6800 0.4000 0.0400 0.0400 0.2100 0.3600 0.4900 0.7094 0.8775 0.9944 1.0756 1.3244 1.4906 1.5744 1.5756 1.6350 1.6431 1.6000 1.5056 1.3600 1.1631 0.9150 0.7656 0.6250 0.4531 0.2500 0.0156 0.0000 0.0000 0.0000
0.0000 0.0000 0.0000 0.3600 0.6400 0.8400 0.9600 1.0000 0.9600 0.8400 0.6400 0.3600 0.0000 0.0000 0.1200 0.2700 0.4000 0.5100 0.6000 0.6700 0.7356 0.9844 1.1975 1.3594 1.4700 1.5294 1.5375 1.4944 1.4000 1.2544 1.0575 0.8594 0.7500 0.6094 0.4375 0.2344 0.0000 0.0000 0.0000 0.0000
0.0000 0.0000 0.0000 0.2400 0.5200 0.7200 0.8400 0.8800 0.8400 0.7200 0.5200 0.2400 0.0000 0.0000 0.0100 0.1600 0.2900 0.4000 0.4900 0.5600 0.6100 0.8275 1.0406 1.2025 1.3131 1.3725 1.3806 1.3375 1.2431 1.0975 0.9006 0.8125 0.7031 0.5625 0.3906 0.1875 0.0000 0.0000 0.0000 0.0000
0.0000 0.0000 0.0000 0.0400 0.3200 0.5200 0.6400 0.6800 0.6400 0.5200 0.3200 0.0400 0.0000 0.0000 0.0000 0.0300 0.1600 0.2700 0.3600 0.4300 0.4800 0.6194 0.8325 0.9944 1.1050 1.1644 1.1725 1.1294 1.0350 0.8894 0.8125 0.7344 0.6250 0.4844 0.3125 0.1094 0.0000 0.0000 0.0000 0.0000
0.0000 0.0000 0.0000 0.0000 0.0400 0.2400 0.3600 0.4000 0.3600 0.2400 0.0400 0.0000 0.0000 0.0000 0.0000 0.0000 0.0100 0.1200 0.2100 0.2800 0.3300 0.3600 0.5731 0.7350 0.8456 0.9050 0.9131 0.8700 0.7756 0.7500 0.7031 0.6250 0.5156 0.3750 0.2031 0.0000 0.0000 0.0000 0.0000 0.0000
0.0000 0.0000 0.0000 0.0000 0.0000 0.0000 0.0000 0.0400 0.0000 0.0000 0.0000 0.0000 0.0000 0.0000 0.0000 0.0000 0.0000 0.0000 0.0400 0.1100 0.1600 0.1900 0.2625 0.4244 0.5350 0.5944 0.6025 0.6094 0.6250 0.6094 0.5625 0.4844 0.3750 0.2344 0.0625 0.0000 0.0000 0.0000 0.0000 0.0247
0.0000 0.0000 0.0000 0.0000 0.0000 0.0000 0.0000 0.0000 0.0000 0.0000 0.0000 0.0000 0.0000 0.0000 0.0000 0.0000 0.0000 0.0000 0.0000 0.0000 0.0000 0.0000 0.0100 0.0625 0.2031 0.3125 0.3906 0.4375 0.4531 0.4375 0.3906 0.3125 0.2031 0.0625 0.0000 0.0000 0.0000 0.0000 0.0988 0.2099
0.0000 0.0000 0.0000 0.0000 0.0000 0.0000 0.0000 0.0000 0.0000 0.0000 0.0000 0.0000 0.0000 0.0000 0.0000 0.0000 0.0000 0.0000 0.0000 0.0000 0.0000 0.0000 0.0000 0.0000 0.0000 0.1094 0.1875 0.2344 0.2500 0.2344 0.1875 0.1094 0.0000 0.0000 0.0000 0.0000 0.0000 0.1235 0.2593 0.3704
0.0000 0.0000 0.0000 0.0000 0.0000 0.0000 0.0000 0.0000 0.0000 0.0000 0.0000 0.0000 0.0000 0.0000 0.0000 0.0000 0.0000 0.0000 0.0000 0.0000 0.0000 0.0000 0.0000 0.0000 0.0000 0.0000 0.0000 0.0000 0.0156 0.0000 0.0000 0.0000 0.0000 0.0000 0.0000 0.0000 0.0988 0.2593 0.3951 0.5062
0.0000 0.0000 0.0000 0.0000 0.0000 0.0000 0.0000 0.0000 0.0000 0.0000 0.0000 0.0000 0.0000 0.0000 0.0000 0.0000 0.0000 0.0000 0.0000 0.0000 0.0000 0.0000 0.0000 0.0000 0.0000 0.0000 0.0000 0.0000 0.0000 0.0000 0.0000 0.0000 0.0000 0.0000 0.0000 0.0247 0.2099 0.3704 0.5062 0.6173
0.0000 0.0000 0.0000 0.0000 0.0000 0.0000 0.0000 0.0000 0.0000 0.0000 0.0000 0.0000 0.0000 0.0000 0.0000 0.0000 0.0000 0.0000 0.0000 0.0000 0.0000 0.0000 0.0000 0.0000 0.0000 0.0000 0.0000 0.0000 0.0000 0.0000 0.0000 0.0000 0.0000 0.0000 0.0000 0.1111 0.2963 0.4568 0.5926 0.7037
0.0000 0.0000 0.0000 0.0000 0.0000 0.0000 0.0000 0.0000 0.0000 0.0000 0.0000 0.0000 0.0000 0.0000 0.0000 0.0000 0.0000 0.0000 0.0000 0.0000 0.0000 0.0000 0.0000 0.0000 0.0000 0.0000 0.0000 0.0000 0.0000 0.0000 0.0000 0.0000 0.0000 0.0000 0.0000 0.1728 0.3580 0.5185 0.6543 0.7654
0.0000 0.0000 0.0000 0.0000 0.0000 0.0000 0.0000 0.0000 0.0000 0.0000 0.0000 0.0000 0.0000 0.0000 0.0000 0.0000 0.0000 0.0000 0.0000 0.0000 0.0000 0.0000 0.0000 0.0000 0.0000 0.0000 0.0000 0.0000 0.0000 0.0000 0.0000 0.0000 0.0000 0.0000 0.0000 0.2099 0.3951 0.5556 0.6914 0.8025
0.0000 0.0000 0.0000 0.0000 0.0000 0.0000 0.0000 0.0000 0.0000 0.0000 0.0000 0.0000 0.0000 0.0000 0.0000 0.0000 0.0000 0.0000 0.0000 0.0000 0.0000 0.0000 0.0000 0.0000 0.0000 0.0000 0.0000 0.0000 0.0000 0.0000 0.0000 0.0000 0.0000 0.0000 0.0123 0.2222 0.4074 0.5679 0.7037 0.8148
0.0000 0.0000 0.0000 0.0000 0.0000 0.0000 0.0000 0.0000 0.0000 0.0000 0.0000 0.0000 0.0000 0.0000 0.0000 0.0000 0.0000 0.0000 0.0000 0.0000 0.0000 0.0000 0.0000 0.0000 0.0000 0.0000 0.0000 0.0000 0.0000 0.0000 0.0000 0.0000 0.0000 0.0000 0.0000 0.2099 0.3951 0.5556 0.6914 0.8025
0.0000 0.0000 0.0000 0.0000 0.0000 0.0000 0.0000 0.0000 0.0000 0.0000 0.0000 0.0000 0.0000 0.0000 0.0000 0.0000 0.0000 0.0000 0.0000 0.0000 0.0000 0.0000 0.0000 0.0000 0.0000 0.0000 0.0000 0.0000 0.0000 0.0000 0.0000 0.0000 0.0000 0.0000 0.0000 0.1728 0.3580 0.5185 0.6543 0.7654
0.0000 0.0000 0.0000 0.0000 0.0000 0.0000 0.0000 0.0000 0.0000 0.0000 0.0000 0.0000 0.0000 0.0000 0.0000 0.0000 0.0000 0.0000 0.0000 0.0000 0.0000 0.0000 0.0000 0.0000 0.0000 0.0000 0.0000 0.0000 0.0000 0.0000 0.0000 0.0000 0.0000 0.0000 0.0000 0.1111 0.2963 0.4568 0.5926 0.7037
