0.0000 0.0000 0.0300 0.1600 0.2700 0.3600 0.6137 0.8065 0.9386 1.0098 1.0202 0.9698 0.8586 0.6865 0.4537 0.1600 0.0300 0.0000 0.0000 0.0000 0.0000 0.0000 0.0000 0.0000 0.0247 0.2099 0.3704 0.5062 0.6173 0.7037 0.7654 0.8025 0.8148 0.8025 0.7654 0.7037 0.6173 0.5062 0.3704 0.2099
0.0000 0.0100 0.1600 0.2900 0.4000 0.6737 0.9273 1.1202 1.2522 1.3235 1.3339 1.2835 1.1722 1.0002 0.7673 0.4737 0.1600 0.0100 0.0000 0.0000 0.0000 0.0000 0.0000 0.0000 0.1111 0.2963 0.4568 0.5926 0.7037 0.7901 0.8519 0.8889 0.9012 0.8889 0.8519 0.7901 0.7037 0.5926 0.4568 0.2963
0.0000 0.1200 0.2700 0.4000 0.6120 0.9265 1.1802 1.3731 1.5051 1.5763 1.5867 1.5363 1.4251 1.2531 1.0202 0.7265 0.3720 0.1200 0.0000 0.0000 0.0000 0.0000 0.0000 0.0000 0.1728 0.3580 0.5185 0.6543 0.7654 0.8519 0.9136 0.9506 0.9630 0.9506 0.9136 0.8519 0.7654 0.6543 0.5185 0.3580
0.0400 0.2100 0.3600 0.4900 0.8041 1.1186 1.3722 1.5651 1.6971 1.7684 1.7788 1.7284 1.6171 1.4451 1.2122 0.9186 0.5641 0.2100 0.0400 0.0000 0.0000 0.0000 0.0000 0.0000 0.2099 0.3951 0.5556 0.6914 0.8025 0.8889 0.9506 0.9877 1.0000 0.9877 0.9506 0.8889 0.8025 0.6914 0.5556 0.3951
0.1100 0.2800 0.4300 0.5600 0.9353 1.2498 1.5035 1.6963 1.8284 1.8996 1.9100 1.8596 1.7484 1.5763 1.3435 1.0498 0.6953 0.2800 0.1100 0.0000 0.0000 0.0000 0.0000 0.0123 0.2222 0.4074 0.5679 0.7037 0.8148 0.9012 0.9630 1.0000 1.0123 1.0000 0.9630 0.9012 0.8148 0.7037 0.5679 0.4074
0.1600 0.3300 0.4800 0.6304 1.0057 1.3202 1.5739 1.7667 1.8988 1.9700 1.9804 1.9300 1.8188 1.6467 1.4139 1.1202 0.7657 0.3504 0.1600 0.0000 0.0000 0.0000 0.0000 0.0000 0.2099 0.3951 0.5556 0.6914 0.8025 0.8889 0.9506 0.9877 1.0000 0.9877 0.9506 0.8889 0.8025 0.6914 0.5556 0.3951
0.1900 0.3600 0.5100 0.6400 1.0153 1.3298 1.5835 1.7763 1.9084 1.9796 1.9900 1.9396 1.8284 1.6563 1.4235 1.1298 0.7753 0.3600 0.1900 0.0000 0.0000 0.0000 0.0000 0.0000 0.1728 0.3580 0.5185 0.6543 0.7654 0.8519 0.9136 0.9506 0.9630 0.9506 0.9136 0.8519 0.7654 0.6543 0.5185 0.3580
0.2000 0.3700 0.5200 0.6500 0.9641 1.2786 1.5322 1.7251 1.8571 1.9284 1.9388 1.8884 1.7771 1.6051 1.3722 1.0786 0.7241 0.3700 0.2000 0.0100 0.0000 0.0000 0.0000 0.0000 0.1111 0.2963 0.4568 0.5926 0.7037 0.7901 0.8519 0.8889 0.9012 0.8889 0.8519 0.7901 0.7037 0.5926 0.4568 0.2963
0.1900 0.3600 0.5100 0.6400 0.8520 1.1665 1.4202 1.6131 1.7451 1.8163 1.8267 1.7887 1.6651 1.4931 1.2602 0.9665 0.6120 0.3600 0.1900 0.0000 0.0000 0.0000 0.0000 0.0000 0.0247 0.2099 0.3704 0.5062 0.6173 0.7037 0.7654 0.8025 0.8148 0.8025 0.7654 0.7037 0.6173 0.5062 0.3704 0.2099
0.1600 0.3300 0.4800 0.6100 0.7200 0.9937 1.2473 1.4649 1.6834 1.8163 1.8638 1.8257 1.7021 1.4930 1.1985 0.8184 0.4800 0.3300 0.1600 0.0000 0.0000 0.0000 0.0000 0.0000 0.0000 0.0988 0.2593 0.3951 0.5062 0.5926 0.6543 0.6914 0.7037 0.6914 0.6543 0.5926 0.5062 0.3951 0.2593 0.0988
0.1100 0.2800 0.4300 0.5600 0.6700 0.7600 1.1124 1.4164 1.6349 1.7678 1.8153 1.7772 1.6536 1.4446 1.1500 0.7699 0.5288 0.2800 0.1100 0.0000 0.0000 0.0000 0.0000 0.0000 0.0000 0.0000 0.1235 0.2593 0.3704 0.4568 0.5185 0.5556 0.5679 0.5556 0.5185 0.4568 0.3704 0.2593 0.1235 0.0000
0.0400 0.2100 0.3600 0.4900 0.6000 0.8135 1.0193 1.2824 1.5009 1.6338 1.6813 1.6432 1.5196 1.3106 1.0568 0.8604 0.6193 0.3335 0.0400 0.0000 0.0000 0.0000 0.0000 0.0000 0.0000 0.0000 0.0156 0.0988 0.2099 0.2963 0.3736 0.3951 0.4074 0.3951 0.3580 0.2963 0.2099 0.0988 0.0000 0.0000
0.0000 0.1200 0.2700 0.4000 0.6088 0.8593 1.0651 1.2262 1.3426 1.4143 1.4618 1.4237 1.3614 1.2543 1.1026 0.9062 0.6651 0.3793 0.0988 0.0000 0.0000 0.0000 0.0000 0.1094 0.1875 0.2344 0.2500 0.3438 0.3997 0.4549 0.4228 0.4443 0.4097 0.3193 0.1728 0.1111 0.0247 0.0000 0.0000 0.0000
0.0000 0.0100 0.1600 0.3147 0.6099 0.8604 1.0662 1.2273 1.3437 1.4154 1.4425 1.4248 1.3625 1.2554 1.1037 0.9073 0.6662 0.3804 0.2099 0.0247 0.0000 0.0625 0.2031 0.3125 0.3906 0.5000 0.6562 0.7500 0.7812 0.7500 0.6562 0.5000 0.4030 0.3125 0.2031 0.0625 0.0000 0.0000 0.0000 0.0000
0.0000 0.0000 0.0300 0.2711 0.5663 0.8168 1.0226 1.1837 1.3001 1.3719 1.3989 1.3812 1.3189 1.2119 1.0601 0.8637 0.6226 0.4568 0.2963 0.1111 0.0625 0.2344 0.3750 0.4844 0.6250 0.8438 1.0000 1.0938 1.1250 1.0938 1.0000 0.8438 0.6250 0.4844 0.3750 0.2344 0.0625 0.0000 0.0000 0.0000
0.0000 0.0000 0.0000 0.1828 0.4780 0.7285 0.9343 1.0954 1.2119 1.2836 1.3106 1.2930 1.2306 1.1236 0.9719 0.7754 0.6543 0.5185 0.3580 0.1728 0.2031 0.3750 0.5156 0.6250 0.9062 1.1250 1.2812 1.3750 1.4062 1.3750 1.2812 1.1250 0.9062 0.6250 0.5156 0.3750 0.2031 0.0000 0.0000 0.0000
0.0000 0.0000 0.0000 0.2099 0.3951 0.5956 0.8014 0.9625 1.0789 1.1506 1.1777 1.1600 1.0977 0.9906 0.8889 0.8025 0.6914 0.5556 0.3951 0.3193 0.3125 0.4844 0.6250 0.8438 1.1250 1.3438 1.5000 1.5938 1.6250 1.5938 1.5000 1.3438 1.1250 0.8438 0.6250 0.4844 0.3125 0.1094 0.0000 0.0000
0.0000 0.0000 0.0123 0.2222 0.4074 0.5679 0.7037 0.8148 0.9012 0.9730 1.0000 1.0123 1.0000 0.9630 0.9012 0.8148 0.7037 0.5679 0.4074 0.4097 0.4030 0.5625 0.7031 1.0000 1.2812 1.5000 1.6562 1.7500 1.7812 1.7500 1.6562 1.5000 1.2812 1.0000 0.7031 0.5625 0.3906 0.1875 0.0000 0.0000
0.0000 0.0000 0.0000 0.2099 0.3951 0.5556 0.6914 0.8025 0.9012 0.9506 0.9877 1.0000 0.9877 0.9506 0.8889 0.8025 0.6914 0.5556 0.3951 0.4443 0.4375 0.6094 0.7500 1.0938 1.3750 1.5938 1.7500 1.8438 1.8750 1.8438 1.7500 1.5938 1.3750 1.0938 0.7500 0.6094 0.4375 0.2344 0.0000 0.0000
0.0000 0.0000 0.0000 0.1728 0.3827 0.6296 0.8272 0.9753 1.0741 1.1391 1.1235 1.0741 0.9753 0.9136 0.8519 0.7654 0.6543 0.5185 0.3736 0.4228 0.4531 0.6250 0.7812 1.1250 1.4062 1.6250 1.7812 1.8750 1.9062 1.8750 1.7812 1.6250 1.4062 1.1250 0.7812 0.6250 0.4531 0.2500 0.0156 0.0000
0.0000 0.0000 0.0000 0.2099 0.5062 0.7531 1.0600 1.2863 1.4319 1.4969 1.4813 1.3850 1.2081 0.9506 0.7901 0.7037 0.5926 0.4568 0.2963 0.3455 0.4375 0.6094 0.7500 1.0938 1.3750 1.5938 1.7500 1.8438 1.8750 1.8438 1.7500 1.5938 1.3750 1.0938 0.7500 0.6094 0.4375 0.2344 0.0000 0.0000
0.0000 0.0000 0.1235 0.2840 0.6427 1.0303 1.3372 1.5635 1.7091 1.7741 1.7585 1.6622 1.4853 1.2278 0.8897 0.6173 0.5062 0.3704 0.2099 0.2122 0.3906 0.5625 0.7031 1.0000 1.2812 1.5000 1.6562 1.7500 1.7812 1.7500 1.6562 1.5000 1.2812 1.0000 0.7031 0.5625 0.3906 0.1875 0.0000 0.0000
0.0000 0.0988 0.2593 0.4576 0.8393 1.2269 1.5338 1.7600 1.9057 1.9707 1.9551 1.8588 1.6819 1.4244 1.0862 0.6674 0.3951 0.2593 0.0988 0.1094 0.3125 0.4844 0.6250 0.8438 1.1250 1.3438 1.5000 1.5938 1.6250 1.5938 1.5000 1.3438 1.1250 0.8438 0.6250 0.4844 0.3125 0.1094 0.0000 0.0000
0.0247 0.2099 0.3704 0.7093 0.9923 1.3428 1.6497 1.8760 2.0216 2.0866 2.0710 1.9747 1.7978 1.5403 1.2022 0.7834 0.2840 0.1235 0.0000 0.0000 0.2031 0.3750 0.5156 0.6250 0.9062 1.1250 1.2812 1.3750 1.4062 1.3750 1.2812 1.1250 0.9062 0.6250 0.5156 0.3750 0.2031 0.0000 0.0000 0.0000
0.1111 0.2963 0.5662 0.9051 1.1881 1.4151 1.6850 1.9113 2.0569 2.1219 2.1063 2.0100 1.8331 1.5756 1.2375 0.8187 0.3193 0.0000 0.0000 0.0000 0.0625 0.2344 0.3750 0.4844 0.6250 0.8438 1.0000 1.0938 1.1250 1.0938 1.0000 0.8438 0.6250 0.4844 0.3750 0.2344 0.0625 0.0000 0.0000 0.0000
0.1728 0.3580 0.7060 1.0449 1.3279 1.5550 1.7261 1.8659 2.0116 2.0766 2.0610 1.9647 1.7878 1.5303 1.1921 0.7733 0.3603 0.0000 0.0000 0.0000 0.0000 0.0625 0.2031 0.3125 0.3906 0.5000 0.6562 0.7500 0.7812 0.7500 0.6562 0.5000 0.3906 0.3125 0.2031 0.0625 0.0000 0.0000 0.0000 0.0000
0.2099 0.3951 0.7899 1.1289 1.4118 1.6389 1.8100 1.9252 1.9844 1.9877 1.9350 1.8387 1.6618 1.4414 1.1649 0.8326 0.4443 0.0000 0.0000 0.0000 0.0000 0.0000 0.0000 0.1094 0.1875 0.2344 0.2500 0.3438 0.3750 0.3438 0.2500 0.2344 0.1875 0.1094 0.0000 0.0000 0.0000 0.0000 0.0000 0.0000
0.2222 0.4230 0.8179 1.1568 1.4398 1.6669 1.8380 1.9531 2.0123 2.0156 1.9630 1.8544 1.6898 1.4693 1.1929 0.8605 0.4722 0.0280 0.0000 0.0000 0.0000 0.0000 0.0000 0.0000 0.0000 0.0000 0.0156 0.0000 0.0000 0.0000 0.0156 0.0000 0.0000 0.0000 0.0000 0.0000 0.0000 0.0000 0.0000 0.0000
0.2099 0.3951 0.7899 1.1289 1.4118 1.6389 1.8100 1.9252 1.9844 1.9877 1.9350 1.8264 1.6618 1.4414 1.1649 0.8326 0.4443 0.0000 0.0000 0.0000 0.0000 0.0000 0.0000 0.0000 0.0000 0.0000 0.0000 0.0000 0.0000 0.0000 0.0000 0.0000 0.0000 0.0000 0.0000 0.0000 0.0000 0.0000 0.0000 0.0000
0.1728 0.3580 0.7060 1.0449 1.3279 1.5550 1.7261 1.8412 1.9005 1.9037 1.8611 1.7425 1.5779 1.3574 1.0810 0.7486 0.3603 0.0000 0.0000 0.0000 0.0000 0.0000 0.0000 0.0000 0.0000 0.0000 0.0000 0.0000 0.0000 0.0000 0.0000 0.0000 0.0000 0.0000 0.0000 0.0000 0.0000 0.0000 0.0000 0.0000
0.1111 0.2963 0.5662 0.9051 1.1881 1.4151 1.6262 1.8114 1.9206 1.9539 1.9112 1.7926 1.5981 1.3276 0.9812 0.6088 0.2205 0.0000 0.0000 0.0000 0.0000 0.0000 0.0000 0.0000 0.0000 0.0000 0.0000 0.0000 0.0000 0.0000 0.0000 0.0000 0.0000 0.0000 0.0000 0.0000 0.0000 0.0000 0.0000 0.0000
0.0247 0.2099 0.3704 0.7093 1.0023 1.3393 1.6004 1.7856 1.8948 1.9281 1.8854 1.7668 1.5723 1.3018 0.9554 0.5330 0.0347 0.0000 0.0000 0.0000 0.0000 0.0000 0.0000 0.0000 0.0000 0.0000 0.0000 0.0000 0.0000 0.0000 0.0000 0.0000 0.0000 0.0000 0.0000 0.0000 0.0000 0.0000 0.0000 0.0000
0.0000 0.0988 0.2593 0.4876 0.9005 1.2376 1.4987 1.6839 1.7931 1.8264 1.7837 1.6651 1.4705 1.2001 0.8536 0.4313 0.1600 0.0300 0.0000 0.0000 0.0000 0.0000 0.0000 0.0000 0.0000 0.0000 0.0000 0.0000 0.0000 0.0000 0.0000 0.0000 0.0000 0.0000 0.0000 0.0000 0.0000 0.0000 0.0000 0.0000
0.0000 0.0000 0.1335 0.4193 0.7229 1.0599 1.3210 1.5062 1.6154 1.6487 1.6060 1.4874 1.2929 1.0224 0.6760 0.4000 0.2900 0.1600 0.0100 0.0000 0.0000 0.0000 0.0000 0.0000 0.0000 0.0000 0.0000 0.0000 0.0000 0.0000 0.0000 0.0000 0.0000 0.0000 0.0000 0.0000 0.0000 0.0000 0.0000 0.0000
0.0000 0.0000 0.1200 0.3688 0.6099 0.8063 1.0674 1.2526 1.3618 1.3951 1.3524 1.2338 1.0393 0.7688 0.6000 0.5100 0.4000 0.2700 0.1200 0.0000 0.0000 0.0000 0.0000 0.0000 0.0000 0.0000 0.0000 0.0000 0.0000 0.0000 0.0000 0.0000 0.0000 0.0000 0.0000 0.0000 0.0000 0.0000 0.0000 0.0000
0.0000 0.0400 0.2100 0.3600 0.5147 0.7111 0.8628 0.9699 1.0322 1.0655 1.0228 0.9511 0.8347 0.7600 0.6900 0.6000 0.4900 0.3600 0.2100 0.0400 0.0000 0.0000 0.0000 0.0000 0.0000 0.0000 0.0000 0.0000 0.0000 0.0000 0.0000 0.0000 0.0000 0.0000 0.0000 0.0000 0.0000 0.0000 0.0000 0.0000
0.0000 0.1100 0.2800 0.4300 0.5600 0.6700 0.7600 0.8300 0.8923 0.9100 0.9200 0.9100 0.8800 0.8300 0.7600 0.6700 0.5600 0.4300 0.2800 0.1100 0.0000 0.0000 0.0000 0.0000 0.0000 0.0000 0.0000 0.0000 0.0000 0.0000 0.0000 0.0000 0.0000 0.0000 0.0000 0.0000 0.0000 0.0000 0.0000 0.0000
0.0000 0.1600 0.3300 0.4800 0.6100 0.7200 0.8100 0.8800 0.9300 0.9600 0.9700 0.9600 0.9300 0.8800 0.8100 0.7200 0.6100 0.4800 0.3300 0.1600 0.0000 0.0000 0.0000 0.0000 0.0000 0.0000 0.0000 0.0000 0.0000 0.0000 0.0000 0.0000 0.0000 0.0000 0.0000 0.0000 0.0000 0.0000 0.0000 0.0000
0.0000 0.1900 0.3600 0.5100 0.6400 0.7500 0.8400 0.9100 0.9600 0.9900 1.0000 0.9900 0.9600 0.9100 0.8400 0.7500 0.6400 0.5100 0.3600 0.1900 0.0000 0.0000 0.0000 0.0000 0.0000 0.0000 0.0000 0.0000 0.0000 0.0000 0.0000 0.0000 0.0000 0.0000 0.0000 0.0000 0.0000 0.0000 0.0000 0.0000
0.0100 0.2000 0.3700 0.5200 0.6500 0.7600 0.8500 0.9200 0.9700 1.0000 1.0100 1.0000 0.9700 0.9200 0.8500 0.7600 0.6500 0.5200 0.3700 0.2000 0.0100 0.0000 0.0000 0.0000 0.0000 0.0000 0.0000 0.0000 0.0000 0.0000 0.0000 0.0000 0.0000 0.0000 0.0000 0.0000 0.0000 0.0000 0.0000 0.0000
