0.0000 0.0000 0.0000 0.0000 0.0000 0.0000 0.0000 0.0000 0.0000 0.0000 0.0000 0.0000 0.0000 0.0000 0.0000 0.0000 0.0100 0.1200 0.2100 0.2800 0.3300 0.3600 0.3700 0.3600 0.3300 0.2800 0.2100 0.1200 0.0100 0.0000 0.0000 0.0000 0.0000 0.0000 0.0000 0.0247 0.1111 0.1728 0.2099 0.2222
0.0000 0.0000 0.0000 0.0000 0.0000 0.0000 0.0000 0.0000 0.0000 0.0000 0.0000 0.0000 0.0000 0.0000 0.0000 0.0300 0.1600 0.2700 0.3600 0.4300 0.4800 0.5100 0.5200 0.5100 0.4800 0.4300 0.3600 0.2700 0.1600 0.0300 0.0000 0.0000 0.0000 0.0000 0.0988 0.2099 0.2963 0.3580 0.3951 0.4074
0.0000 0.0000 0.0000 0.0000 0.0000 0.0000 0.0000 0.0000 0.0000 0.0000 0.0000 0.0000 0.0000 0.0000 0.0100 0.1600 0.2900 0.4000 0.4900 0.5600 0.6100 0.6400 0.6500 0.6400 0.6100 0.5600 0.4900 0.4000 0.2900 0.1600 0.0100 0.0000 0.0000 0.1235 0.2593 0.3704 0.4568 0.5185 0.5556 0.5679
0.0000 0.0000 0.0000 0.0000 0.0000 0.0000 0.0000 0.0000 0.0000 0.0000 0.0000 0.0000 0.0000 0.0000 0.1200 0.2700 0.4000 0.5100 0.6000 0.6700 0.7200 0.7500 0.7600 0.7500 0.7200 0.6700 0.6000 0.5100 0.4000 0.2700 0.1200 0.0000 0.0988 0.2593 0.3951 0.5062 0.5926 0.6543 0.6914 0.7037
0.0000 0.0000 0.0000 0.0000 0.0000 0.0000 0.0000 0.0000 0.0000 0.0000 0.0000 0.0000 0.0000 0.0400 0.2100 0.3600 0.4900 0.6000 0.6900 0.7600 0.8100 0.8400 0.8500 0.8400 0.8100 0.7600 0.6900 0.6000 0.4900 0.3600 0.2100 0.0647 0.2099 0.3704 0.5062 0.6173 0.7037 0.7654 0.8025 0.8148
0.0000 0.0000 0.0000 0.0000 0.0000 0.0000 0.0000 0.0000 0.0000 0.0000 0.0000 0.0000 0.0000 0.1100 0.2800 0.4300 0.5600 0.6700 0.7600 0.8300 0.8800 0.9100 0.9200 0.9100 0.8800 0.8300 0.7600 0.6700 0.5600 0.4300 0.2800 0.2211 0.2963 0.4568 0.5926 0.7037 0.7901 0.8519 0.8889 0.9012
0.0000 0.0000 0.0000 0.0000 0.0000 0.0000 0.0000 0.0000 0.0000 0.0000 0.0000 0.0000 0.0000 0.1600 0.3300 0.4800 0.6100 0.7200 0.8100 0.8800 0.9300 0.9600 0.9700 0.9600 0.9300 0.8800 0.8100 0.7200 0.6100 0.4800 0.3300 0.3328 0.3580 0.5185 0.6543 0.7654 0.8519 0.9136 0.9506 0.9630
0.0000 0.0000 0.0000 0.0000 0.0000 0.0000 0.0000 0.0000 0.0000 0.0000 0.0000 0.0000 0.0000 0.1900 0.3600 0.5100 0.6400 0.7500 0.8400 0.9100 0.9600 0.9900 1.0000 0.9900 0.9600 0.9100 0.8400 0.7704 0.6400 0.5100 0.3600 0.3999 0.3951 0.5556 0.6914 0.8025 0.8889 0.9506 0.9877 1.0000
0.0000 0.0000 0.0000 0.0000 0.0000 0.0000 0.0000 0.0000 0.0000 0.0000 0.0000 0.0000 0.0100 0.2000 0.3700 0.5200 0.6500 0.7600 0.8500 0.9200 0.9700 1.0000 1.0000 1.0000 1.0720 1.1241 1.1153 1.0457 0.9153 0.7241 0.4844 0.4222 0.4174 0.5679 0.7037 0.8148 0.9012 0.9630 1.0000 1.0123
0.0000 0.0000 0.0000 0.0000 -0.1000 -0.1000 -0.1000 -0.1000 -0.1000 -0.1000 -0.1000 -0.1000 -0.1000 0.1900 0.3600 0.5256 0.6400 0.7500 0.8400 0.9100 0.9600 0.9900 1.0000 1.1737 1.2865 1.3386 1.3298 1.2602 1.1298 0.9386 0.6865 0.5836 0.3951 0.5556 0.6914 0.8025 0.8889 0.9506 0.9877 1.0000
0.0000 0.0000 0.0000 0.0000 -0.1000 -0.1000 -0.1000 -0.1000 -0.1000 -0.1000 -0.1000 -0.1000 0.0094 0.3475 0.5644 0.7300 0.8444 0.9075 0.9194 0.8800 0.9300 0.9600 1.1537 1.3273 1.4402 1.4922 1.4835 1.4139 1.2835 1.0922 0.8402 0.7002 0.5417 0.5185 0.6543 0.7654 0.8519 0.9136 0.9506 0.9630
0.0000 0.0000 0.0000 0.0000 -0.1000 -0.1000 -0.1000 -0.1000 -0.1000 -0.1000 -0.0375 0.1031 0.2125 0.5006 0.7175 0.8831 0.9975 1.0606 1.0725 1.0331 0.9425 1.0120 1.2465 1.4202 1.5331 1.5851 1.5763 1.5067 1.3763 1.1851 0.9331 0.7313 0.6228 0.5588 0.5926 0.7037 0.7901 0.8519 0.8889 0.9012
0.0000 0.0000 0.0000 0.0000 -0.1000 -0.1000 -0.1000 -0.1000 -0.1000 -0.0375 0.1344 0.2750 0.3844 0.6025 0.8194 0.9850 1.0994 1.1625 1.1744 1.1350 1.0444 1.1066 1.2786 1.4522 1.5651 1.6171 1.6084 1.5388 1.4084 1.2171 0.9651 0.6769 0.6384 0.5745 0.5062 0.6173 0.7037 0.7654 0.8125 0.8148
0.0000 0.0000 0.0000 0.0000 -0.1000 -0.1000 -0.1000 -0.1000 -0.1000 0.1031 0.2750 0.4156 0.5250 0.7031 0.8700 1.0356 1.1500 1.2131 1.2250 1.1856 1.0950 1.2184 1.2498 1.4235 1.5363 1.5884 1.5796 1.5100 1.3796 1.1884 0.9363 0.6735 0.5886 0.5246 0.4351 0.6162 0.7526 0.8443 0.8914 0.8937
0.0000 0.0000 0.0000 0.0000 -0.1000 -0.1000 -0.1000 -0.1000 0.0094 0.2125 0.3844 0.5250 0.6344 0.8125 0.8694 1.0350 1.1494 1.2125 1.2244 1.1850 1.1148 1.2382 1.2696 1.3339 1.4467 1.4988 1.4900 1.4204 1.2900 1.0988 0.8467 0.6939 0.5202 0.5292 0.4897 0.6504 0.7868 0.8785 0.9256 0.9279
0.0000 0.0000 0.0000 0.0000 -0.1000 -0.1000 -0.1000 -0.1000 0.0875 0.2906 0.4625 0.6031 0.7125 0.8906 0.9375 0.9831 1.0975 1.1606 1.1725 1.1331 1.0425 1.1659 1.1973 1.1835 1.2963 1.3484 1.3396 1.2700 1.1396 0.9484 0.8163 0.7035 0.6498 0.5353 0.4588 0.6399 0.7763 0.8680 0.9151 0.9174
0.0000 0.0000 0.0000 0.0000 -0.1000 -0.1000 -0.1000 -0.1000 0.1344 0.3375 0.5094 0.6500 0.7594 0.9375 0.9844 1.0000 0.9944 1.0575 1.0694 1.0300 0.9394 1.0016 1.0329 0.9722 1.0851 1.1371 1.1284 1.0588 0.9284 0.8571 0.7651 0.7722 0.7186 0.6041 0.5300 0.5847 0.7211 0.8128 0.8599 0.8622
0.0000 0.0000 0.0000 0.0278 -0.1000 -0.1000 -0.1000 -0.0844 0.1500 0.3531 0.5250 0.6656 0.7750 0.9531 1.0000 1.0156 1.0000 0.9531 0.9150 0.8756 0.7850 0.7452 0.7765 0.7158 0.8131 0.8651 0.8563 0.8367 0.8163 0.7551 0.7731 0.8202 0.9665 0.9720 1.0000 1.0300 0.9600 0.7900 0.7600 0.7623
0.0833 0.2222 0.3056 0.3333 0.3056 0.2222 0.0833 0.0000 0.2344 0.4375 0.6094 0.7500 0.8594 0.9375 0.9844 1.0000 0.9844 0.9375 0.8594 0.7500 0.6094 0.4375 0.4280 0.3673 0.5102 0.6122 0.6735 0.6939 0.6735 0.6522 0.7602 1.0473 1.1937 1.2400 1.3700 1.4000 1.3300 1.1600 0.8900 0.8400
0.3333 0.4722 0.5556 0.5833 0.5556 0.4722 0.3333 0.1389 0.1875 0.3906 0.5625 0.7031 0.8125 0.8906 0.9375 0.9531 0.9375 0.8906 0.8125 0.7031 0.5625 0.3906 0.1875 0.1837 0.3265 0.4286 0.4898 0.5102 0.4898 0.5386 0.8465 1.1337 1.2800 1.5100 1.6400 1.6700 1.6000 1.4300 1.1600 0.9100
0.5278 0.6667 0.7500 0.7778 0.7500 0.6667 0.5278 0.3333 0.1927 0.3125 0.4844 0.6250 0.7344 0.8125 0.8594 0.8750 0.8594 0.8125 0.7344 0.6250 0.4844 0.3125 0.1094 0.0000 0.1020 0.2041 0.2653 0.2857 0.2653 0.3641 0.7920 1.1200 1.4500 1.6800 1.8100 1.8400 1.7700 1.6000 1.3300 0.9600
0.6667 0.8056 0.8889 0.9167 0.8889 0.8056 0.6667 0.4722 0.2222 0.2031 0.3750 0.5156 0.6250 0.7031 0.7500 0.7656 0.7500 0.7031 0.6250 0.5156 0.3750 0.2031 0.0000 0.0000 0.0000 0.0000 0.0000 0.0204 0.0000 0.2300 0.7600 1.1900 1.5200 1.7500 1.8800 1.9100 1.8400 1.6700 1.4000 1.0300
0.7500 0.8889 0.9722 1.0000 0.9722 0.8889 0.7500 0.5556 0.3056 0.0625 0.2344 0.3750 0.4844 0.5625 0.6094 0.6250 0.6094 0.5625 0.4844 0.3750 0.2344 0.0625 0.0000 0.0000 0.0000 0.0000 0.0000 0.0000 0.0100 0.2000 0.7300 1.1600 1.4900 1.7200 1.8500 1.8800 1.8100 1.6400 1.3700 1.0000
0.7778 0.9167 1.0000 1.0278 1.0000 0.9167 0.7778 0.5833 0.3333 0.0278 0.0625 0.2031 0.3125 0.3906 0.4375 0.4531 0.4375 0.3906 0.3125 0.2031 0.0625 0.0000 0.0000 0.0000 0.0000 0.0000 0.0000 0.0000 0.0000 0.1900 0.6000 1.0300 1.3600 1.5900 1.7200 1.7500 1.6923 1.5100 1.2400 0.9900
0.7500 0.8889 0.9722 1.0000 0.9722 0.8889 0.7500 0.5556 0.3056 0.0000 0.0000 0.0000 0.1094 0.1875 0.2344 0.2500 0.2344 0.1875 0.1094 0.0000 0.0000 0.0000 0.0000 0.0000 0.0000 0.0000 0.0000 0.0000 0.0000 0.1600 0.3700 0.8000 1.1547 1.4711 1.6628 1.7299 1.6722 1.4899 1.1828 1.0711
0.6667 0.8056 0.8889 0.9167 0.8889 0.8056 0.6667 0.4722 0.2222 0.0000 0.0000 0.0000 0.0000 0.0000 0.0000 0.0156 0.0000 0.0000 0.0000 0.0000 0.0000 0.0000 0.0000 0.0000 0.0000 0.0000 0.0000 0.0000 0.0000 0.1100 0.2800 0.5688 1.0099 1.3263 1.5180 1.5851 1.5274 1.3451 1.2780 1.2063
0.5278 0.6667 0.7500 0.7778 0.7500 0.6667 0.5278 0.3333 0.0833 0.0000 0.0000 0.0400 0.0000 0.0000 0.0000 0.0000 0.0000 0.0000 0.0000 0.0000 0.0000 0.0000 0.0000 0.0000 0.0000 0.0000 0.0000 0.0000 0.0000 0.0400 0.3335 0.6193 0.8604 1.0568 1.2485 1.3156 1.3779 1.3956 1.3685 1.2968
0.3333 0.4722 0.5556 0.5833 0.5556 0.4722 0.3333 0.1389 0.0400 0.2400 0.3600 0.4000 0.3600 0.2400 0.0400 0.0000 0.0000 0.0000 0.0000 0.0000 0.0000 0.0000 0.0000 0.0000 0.0000 0.0000 0.0000 0.0000 0.0000 0.0988 0.3793 0.6651 0.9062 1.1026 1.2543 1.3614 1.4237 1.4414 1.4143 1.3426
0.0833 0.2222 0.3056 0.3333 0.3056 0.2222 0.0833 0.0400 0.3200 0.5200 0.6400 0.6800 0.6400 0.5200 0.3200 0.0400 0.0000 0.0000 0.0000 0.0000 0.0000 0.0000 0.0000 0.0000 0.0000 0.0000 0.0000 0.0000 0.0247 0.2099 0.3804 0.6662 0.9073 1.1037 1.2554 1.3625 1.4248 1.4425 1.4154 1.3437
0.0000 0.0000 0.0000 0.0278 0.0000 0.0000 0.0000 0.2400 0.5200 0.7200 0.8400 0.8800 0.8400 0.7200 0.5200 0.2400 0.0000 0.0000 0.0000 0.0000 0.0000 0.0000 0.0000 0.0000 0.0000 0.0000 0.0000 0.0000 0.1111 0.2963 0.4568 0.6226 0.8637 1.0601 1.2119 1.3189 1.3812 1.3989 1.3719 1.3001
0.0000 0.0000 0.0000 0.0000 0.0000 0.0000 0.0000 0.3600 0.6400 0.8400 0.9600 1.0000 0.9600 0.8400 0.6400 0.3600 0.0000 0.0000 0.0000 0.0000 0.0000 0.0000 0.0000 0.0000 0.0000 0.0000 0.0000 0.0000 0.1728 0.3580 0.5185 0.6543 0.7754 0.9719 1.1236 1.2306 1.2930 1.3106 1.2836 1.2119
0.0000 0.0000 0.0000 0.0000 0.0000 0.0000 0.0400 0.4000 0.6800 0.8800 1.0000 1.0400 1.0000 0.8800 0.6800 0.4000 0.0400 0.0000 0.0000 0.0000 0.0000 0.0000 0.0000 0.0000 0.0000 0.0000 0.0000 0.0000 0.2099 0.3951 0.5556 0.6914 0.8025 0.8889 0.9906 1.0977 1.1600 1.1777 1.1506 1.0789
0.0000 0.0000 0.0000 0.0000 0.0000 0.0000 0.0000 0.3600 0.6400 0.8400 0.9600 1.0000 0.9600 0.8400 0.6400 0.3600 0.0000 0.0000 0.0000 0.0000 0.0000 0.0000 0.0000 0.0000 0.0000 0.0000 0.0000 0.0123 0.2222 0.4074 0.5679 0.7037 0.8148 0.9012 0.9630 1.0000 1.0123 1.0000 0.9730 0.9012
0.0000 0.0000 0.0000 0.0000 0.0000 0.0000 0.0000 0.2400 0.5200 0.7200 0.8400 0.8800 0.8400 0.7200 0.5200 0.2400 0.0000 0.0000 0.0000 0.0000 0.0000 0.0000 0.0000 0.0000 0.0000 0.0000 0.0000 0.0000 0.2099 0.3951 0.5556 0.6914 0.8025 0.8889 0.9506 0.9877 1.0000 0.9877 0.9506 0.8889
0.0000 0.0000 0.0000 0.0000 0.0000 0.0000 0.0000 0.0400 0.3200 0.5200 0.6400 0.6800 0.6400 0.5200 0.3200 0.0400 0.0000 0.0000 0.0000 0.0000 0.0000 0.0000 0.0000 0.0000 0.0000 0.0000 0.0000 0.0000 0.1728 0.3580 0.5185 0.6543 0.7654 0.8519 0.9136 0.9506 0.9630 0.9506 0.9136 0.8519
0.0000 0.0000 0.0000 0.0000 0.0000 0.0000 0.0000 0.0000 0.0400 0.2400 0.3600 0.4000 0.3600 0.2400 0.0400 0.0000 0.0000 0.0000 0.0000 0.0000 0.0000 0.0000 0.0000 0.0000 0.0000 0.0000 0.0000 0.0000 0.1111 0.2963 0.4568 0.5926 0.7037 0.7901 0.8519 0.8889 0.9012 0.8889 0.8519 0.7901
0.0000 0.0000 0.0000 0.0000 0.0000 0.0000 0.0000 0.0000 0.0000 0.0000 0.0000 0.0400 0.0000 0.0000 0.0000 0.0000 0.0000 0.0000 0.0000 0.0000 0.0000 0.0000 0.0000 0.0000 0.0000 0.0000 0.0000 0.0000 0.0247 0.2099 0.3704 0.5062 0.6173 0.7037 0.7654 0.8025 0.8148 0.8025 0.7654 0.7037
0.0000 0.0000 0.0000 0.0000 0.0000 0.0000 0.0000 0.0000 0.0000 0.0000 0.0000 0.0000 0.0000 0.0000 0.0000 0.0000 0.0000 0.0000 0.0000 0.0000 0.0000 0.0000 0.0000 0.0000 0.0000 0.0000 0.0000 0.0000 0.0000 0.0988 0.2593 0.3951 0.5062 0.5926 0.6543 0.6914 0.7037 0.6914 0.6543 0.5926
0.0000 0.0000 0.0000 0.0000 0.0000 0.0000 0.0000 0.0000 0.0000 0.0000 0.0000 0.0000 0.0000 0.0000 0.0000 0.0000 0.0000 0.0000 0.0000 0.0000 0.0000 0.0000 0.0000 0.0000 0.0000 0.0000 0.0000 0.0000 0.0000 0.0000 0.1235 0.2593 0.3704 0.4568 0.5185 0.5556 0.5679 0.5556 0.5185 0.4568
0.0000 0.0000 0.0000 0.0000 0.0000 0.0000 0.0000 0.0000 0.0000 0.0000 0.0000 0.0000 0.0000 0.0000 0.0000 0.0000 0.0000 0.0000 0.0000 0.0000 0.0000 0.0000 0.0000 0.0000 0.0000 0.0000 0.0000 0.0000 0.0000 0.0000 0.0000 0.0988 0.2099 0.2963 0.3580 0.3951 0.4074 0.3951 0.3580 0.2963
