0.0000 0.0000 0.0000 0.0000 0.0000 0.0000 0.0000 0.0000 0.0000 0.0000 0.0000 0.0000 0.0000 0.0000 0.0000 0.0000 0.0000 0.0000 0.0000 0.0000 0.0000 0.0000 0.0000 0.0000 0.0000 0.0000 0.0000 0.0000 0.0000 0.0400 0.1100 0.1600 0.2147 0.4099 0.5604 0.6662 0.7273 0.7437 0.7654 0.8025
0.0000 0.0000 0.0000 0.0000 0.0000 0.0000 0.0000 0.0000 0.0000 0.0000 0.0000 0.0000 0.0000 0.0204 0.0000 0.0000 0.0000 0.0000 0.0000 0.0000 0.0000 0.0000 0.0000 0.0000 0.0000 0.0000 0.0000 0.0100 0.1200 0.2100 0.2800 0.3300 0.4711 0.6663 0.8168 0.9226 0.9837 1.0001 0.9719 0.8989
0.0000 0.0000 0.0000 0.0000 0.0000 0.0000 0.0000 0.0000 0.0000 0.0000 0.1020 0.2041 0.2653 0.2857 0.2653 0.2041 0.1020 0.0000 0.0000 0.0000 0.0000 0.0000 0.0000 0.0000 0.0000 0.0000 0.0300 0.1600 0.2700 0.3600 0.4578 0.4800 0.6828 0.8780 1.0285 1.1343 1.1954 1.2119 1.1836 1.1106
0.0000 0.0000 0.0000 0.0000 0.0000 0.0000 0.0000 0.0000 0.0000 0.1837 0.3265 0.4286 0.4898 0.5102 0.4898 0.4286 0.3265 0.1837 0.0000 0.0000 0.0000 0.0000 0.0000 0.0000 0.0000 0.0100 0.1600 0.3733 0.6222 0.7956 0.8933 0.9156 1.0721 1.1284 1.1956 1.3014 1.3625 1.3789 1.3506 1.2777
0.0000 0.0000 0.0000 0.0000 0.0000 0.0000 0.0000 0.0000 0.1837 0.3673 0.5102 0.6122 0.6735 0.6939 0.6735 0.6122 0.5102 0.3673 0.1837 0.0000 0.0000 0.0000 0.0000 0.0000 0.0156 0.1200 0.4089 0.7333 0.9822 1.1556 1.2533 1.2879 1.4444 1.5007 1.4568 1.4237 1.4848 1.5012 1.4730 1.4000
0.0000 0.0000 0.0000 0.0000 0.0000 0.0000 0.0000 0.1020 0.3265 0.5102 0.6531 0.7551 0.8163 0.8367 0.8163 0.7551 0.6531 0.5102 0.3265 0.1020 0.0000 0.1094 0.1875 0.2344 0.2900 0.5277 0.8808 1.1272 1.2667 1.4400 1.5378 1.5600 1.7165 1.7728 1.7289 1.5847 1.5625 1.5789 1.5506 1.4777
0.0000 0.0000 0.0000 0.0000 0.0000 0.0000 0.0000 0.2041 0.4286 0.6122 0.7551 0.8571 0.9184 0.9388 0.9184 0.8571 0.7551 0.6122 0.4286 0.2666 0.2031 0.3125 0.3906 0.4375 0.5631 0.9397 1.2928 1.5392 1.6787 1.7114 1.7467 1.7689 1.8884 1.9447 1.9007 1.7565 1.5954 1.6119 1.5836 1.5106
0.0000 0.0000 0.0000 0.0000 0.0000 0.0000 0.0000 0.2653 0.4898 0.6735 0.8163 0.9388 0.9796 1.0000 0.9796 0.9184 0.8163 0.6735 0.5523 0.4997 0.3750 0.4844 0.5625 0.6094 0.7850 1.2449 1.5981 1.8444 1.9839 2.0166 1.9425 1.9022 1.9600 2.0163 1.9723 1.8281 1.5837 1.6001 1.5719 1.4989
0.0000 0.0000 0.0000 0.0000 0.0000 0.0000 0.0204 0.2857 0.6122 0.8980 1.1020 1.2245 1.2653 1.2245 1.1020 0.9388 0.8367 0.6939 0.7133 0.6607 0.5360 0.6250 0.7031 0.7500 0.9834 1.4433 1.7965 2.0428 2.2101 2.2150 2.1409 1.9600 1.9314 1.9877 1.9437 1.7995 1.5551 1.5437 1.5311 1.4425
0.0000 0.0000 0.0000 0.0000 0.0000 0.0000 0.0000 0.4490 0.8163 1.1020 1.3061 1.4286 1.4694 1.4286 1.3061 1.1020 0.8163 0.7828 0.8023 0.7497 0.6250 0.7344 0.8125 0.8694 1.0750 1.6183 2.1103 2.4399 2.6072 2.6122 2.4547 2.1349 1.8889 1.8588 1.8148 1.7800 1.6137 1.6770 1.6643 1.5757
0.0000 0.0000 0.0000 0.0000 0.0000 0.0000 0.1837 0.5714 0.9388 1.2245 1.4286 1.5510 1.5918 1.5510 1.4286 1.2245 0.9388 0.7997 0.8192 0.7666 0.7031 0.8125 0.8906 0.9375 1.2820 1.8531 2.3451 2.6747 2.8420 2.8469 2.6895 2.3697 1.9344 1.7292 1.7888 1.7540 1.6710 1.7343 1.7216 1.6331
0.0000 0.0000 0.0000 0.0000 0.0000 0.1020 0.3265 0.6122 0.9796 1.2653 1.4694 1.5918 1.6327 1.5918 1.4694 1.2653 0.9796 0.8466 0.7640 0.7114 0.7500 0.8594 0.9375 1.0677 1.4933 1.9255 2.4175 2.7472 2.9144 2.9194 2.7619 2.4422 2.0225 1.8155 1.6683 1.5965 1.6524 1.7157 1.7030 1.6144
0.0000 0.0000 0.0000 0.0000 0.0000 0.2041 0.4286 0.6122 0.9388 1.2245 1.4286 1.5510 1.5918 1.5510 1.4286 1.2245 0.9544 0.8214 0.6368 0.6250 0.7656 0.8750 0.9531 1.2222 1.5978 1.9467 2.3276 2.6572 2.8245 2.8294 2.6720 2.3522 2.0732 1.8506 1.5645 1.5050 1.5578 1.6211 1.6085 1.5199
0.0000 0.0000 0.0000 0.0000 0.0000 0.2653 0.4898 0.6735 0.8163 1.1020 1.3061 1.4286 1.4694 1.4286 1.3061 1.1020 0.8163 0.6834 0.4375 0.6094 0.7500 0.8594 0.9375 1.2899 1.5956 1.9444 2.1864 2.4049 2.5722 2.5772 2.4197 2.2093 1.9303 1.7233 1.4650 1.5444 1.5725 1.5494 1.4750 1.3494
0.0000 0.0000 0.0000 0.0000 0.0204 0.2857 0.5102 0.6939 0.8367 0.9388 1.1020 1.2245 1.2653 1.2245 1.1020 0.8980 0.6122 0.4732 0.4110 0.5625 0.7031 0.8125 0.9184 1.2708 1.5365 1.8353 2.0773 2.2125 2.2409 2.1625 2.0051 1.8728 1.7240 1.6558 1.4809 1.5325 1.5606 1.5375 1.4631 1.3375
0.0000 0.0000 0.0000 0.0000 0.0000 0.2653 0.4898 0.6735 0.8163 0.9184 0.9796 1.0000 0.9796 0.9388 0.8163 0.6735 0.4898 0.3747 0.3125 0.4844 0.6250 0.7344 0.8125 1.1649 1.4306 1.6194 1.8614 1.9966 2.0250 1.9466 1.7614 1.7037 1.6331 1.5649 1.3900 1.4694 1.4975 1.4744 1.4000 1.2744
0.0000 0.0000 0.0000 0.0000 0.0000 0.2041 0.4286 0.6122 0.7551 0.8571 0.9184 0.9388 0.9184 0.8571 0.7551 0.6122 0.4286 0.2041 0.2031 0.3750 0.5156 0.6250 0.7031 0.9722 1.2378 1.4167 1.5387 1.6739 1.7023 1.6239 1.4543 1.3967 1.4353 1.3672 1.2756 1.3550 1.3831 1.3600 1.2856 1.1600
0.0000 0.0000 0.0000 0.0000 0.0000 0.1020 0.3265 0.5102 0.6531 0.7551 0.8163 0.8367 0.8163 0.7551 0.6531 0.5102 0.3265 0.1020 0.0625 0.2344 0.3750 0.4844 0.5625 0.6927 0.9583 1.1372 1.2292 1.2444 1.2728 1.1944 1.0092 1.0922 1.1308 1.0627 1.1100 1.1894 1.2175 1.1944 1.1200 0.9944
0.0000 0.0000 0.0000 0.0000 0.0000 0.0000 0.1837 0.3673 0.5102 0.6122 0.6735 0.6939 0.6735 0.6122 0.5102 0.3673 0.1837 0.0000 0.0000 0.0625 0.2031 0.3125 0.3906 0.4375 0.5920 0.7708 0.8628 0.8681 0.7865 0.6581 0.5822 0.6808 0.7195 0.7625 0.8931 0.9725 1.0006 0.9775 0.9531 0.9375
0.0000 0.0000 0.0000 0.0000 0.0000 0.0000 0.0000 0.1837 0.3265 0.4286 0.4898 0.5102 0.4898 0.4286 0.3265 0.1837 0.0000 0.0000 0.0000 0.0000 0.0000 0.1094 0.1875 0.2344 0.2500 0.3177 0.4097 0.4149 0.3333 0.3056 0.2222 0.1927 0.3125 0.4944 0.6250 0.7344 0.8125 0.8594 0.8750 0.8594
0.0000 0.0000 0.0000 0.0000 0.0000 0.0000 0.0000 0.0000 0.1020 0.2041 0.2653 0.2857 0.2653 0.2041 0.1020 0.0000 0.0000 0.0000 0.0000 0.0000 0.0000 0.0000 0.0000 0.0000 0.0156 0.0000 0.0000 0.0000 0.0278 0.0000 0.0000 0.0000 0.2031 0.3750 0.5156 0.6250 0.7031 0.7500 0.7656 0.7500
0.0000 0.0000 0.0000 0.0000 0.0000 0.0000 0.0000 0.0000 0.0000 0.0000 0.0000 0.0204 0.0000 0.0000 0.0000 0.0000 0.0000 0.0000 0.0000 0.0000 0.0000 0.0000 0.0000 0.0000 0.0000 0.0000 0.0000 0.0000 0.0000 0.0000 0.0000 0.0000 0.0625 0.2344 0.3750 0.4844 0.5625 0.6094 0.6250 0.6094
0.0000 0.0000 0.0000 0.0000 0.0000 0.0000 0.0000 0.0000 0.0000 0.0000 0.0000 0.0000 0.0000 0.0000 0.0000 0.0000 0.0000 0.0000 0.0000 0.0000 0.0000 0.0000 0.0000 0.0000 0.0000 0.0000 0.0000 0.0000 0.0000 0.0000 0.0000 0.0000 0.0000 0.0625 0.2031 0.3125 0.3906 0.4375 0.4931 0.5475
0.0000 0.0000 0.0000 0.0000 0.0000 0.0000 0.0000 0.0000 0.0000 0.0000 0.0000 0.0000 0.0000 0.0000 0.0000 0.0000 0.0000 0.0000 0.0000 0.0000 0.0000 0.0000 0.0000 0.0000 0.0000 0.0000 0.0000 0.0000 0.0000 0.0000 0.0000 0.0000 0.0000 0.0000 0.0000 0.1094 0.1975 0.3544 0.4600 0.5144
0.0000 0.0000 0.0000 0.0000 0.0000 0.0000 0.0000 0.0000 0.0000 0.0000 0.0000 0.0000 0.0000 0.0000 0.0000 0.0000 0.0000 0.0000 0.0000 0.0000 0.0000 0.0000 0.0000 0.0000 0.0000 0.0000 0.0000 0.0000 0.0000 0.0000 0.0000 0.0000 0.0000 0.0000 0.0000 0.0300 0.1600 0.2700 0.3756 0.4300
0.0000 0.0000 0.0000 0.0000 0.0000 0.0000 0.0000 0.0000 0.0000 0.0000 0.0000 0.0000 0.0000 0.0000 0.0000 0.0000 0.0000 0.0000 0.0000 0.0000 0.0000 0.0000 0.0000 0.0000 0.0000 0.0000 0.0000 0.0000 0.0000 0.0000 0.0000 0.0000 0.0000 0.0000 0.0100 0.1600 0.2900 0.4000 0.4900 0.5600
0.0000 0.0000 0.0000 0.0000 0.0000 0.0000 0.0000 0.0000 0.0000 0.0000 0.0000 0.0000 0.0000 0.0000 0.0000 0.0000 0.0000 0.0000 0.0000 0.0000 0.0000 0.0000 0.0000 0.0000 0.0000 0.0000 0.0000 0.0000 0.0000 0.0000 0.0000 0.0000 0.0000 0.0000 0.1200 0.2700 0.4000 0.5100 0.6000 0.6700
0.0000 0.0000 0.0000 0.0000 0.0000 0.0000 0.0000 0.0000 0.0000 0.0000 0.0000 0.0000 0.0000 0.0000 0.0000 0.0000 0.0000 0.0000 0.0000 0.0000 0.0000 0.0000 0.0000 0.0000 0.0000 0.0000 0.0000 0.0000 0.0000 0.0000 0.0000 0.0000 0.0000 0.0400 0.2100 0.3600 0.4900 0.6000 0.6900 0.7600
0.0000 0.0000 0.0000 0.0000 0.0000 0.0000 0.0000 0.0000 0.0000 0.0000 0.0000 0.0000 0.0000 0.0000 0.0000 0.0000 0.0000 0.0000 0.0000 0.0000 0.0000 0.0000 0.0000 0.0000 0.0000 0.0000 0.0000 0.0000 0.0000 0.0000 0.0000 0.0000 0.0000 0.1100 0.2800 0.4300 0.5600 0.6700 0.7600 0.8300
0.0000 0.0000 0.0000 0.0000 0.0000 0.0000 0.0000 0.0000 0.0000 0.0000 0.0000 0.0000 0.0000 0.0000 0.0000 0.0000 0.0000 0.0000 0.0000 0.0000 0.0000 0.0000 0.0000 0.0000 0.0000 0.0000 0.0000 0.0000 0.0000 0.0000 0.0000 0.0000 0.0000 0.1600 0.3300 0.4800 0.6100 0.7200 0.8100 0.8800
0.0000 0.0000 0.0000 0.0000 0.0000 0.0000 0.0000 0.0000 0.0000 0.0000 0.0000 0.0000 0.0000 0.0000 0.0000 0.0000 0.0000 0.0000 0.0000 0.0000 0.0000 0.0000 0.0000 0.0000 0.0000 0.0000 0.0000 0.0000 0.0000 0.0000 0.0000 0.0000 0.0000 0.1900 0.3600 0.5100 0.6400 0.7500 0.8400 0.9100
0.0000 0.0000 0.0000 0.0000 0.0000 0.0000 0.0000 0.0000 0.0000 0.0000 0.0000 0.0000 0.0000 0.0000 0.0000 0.0000 0.0000 0.0000 0.0000 0.0000 0.0000 0.0000 0.0000 0.0000 0.0000 0.0000 0.0000 0.0000 0.0000 0.0000 0.0000 0.0000 0.0100 0.2000 0.3700 0.5200 0.6500 0.7600 0.8500 0.9200
0.0000 0.0000 0.0000 0.0000 0.0000 0.0000 0.0000 0.0000 0.0000 0.0000 0.0000 0.0000 0.0000 0.0000 0.0000 0.0000 0.0000 0.0000 0.0000 0.0000 0.0000 0.0000 0.0000 0.0000 0.0000 0.0000 0.0000 0.0000 0.0000 0.0000 0.0000 0.0000 0.0000 0.1900 0.3600 0.5100 0.6400 0.7500 0.8400 0.9100
0.0000 0.0000 0.0000 0.0000 0.0000 0.0000 0.0000 0.0000 0.0000 0.0000 0.0000 0.0000 0.0000 0.0000 0.0000 0.0000 0.0000 0.0000 0.0000 0.0000 0.0000 0.0000 0.0000 0.0000 0.0000 0.0000 0.0000 0.0000 0.0000 0.0000 0.0000 0.0000 0.0000 0.1600 0.3300 0.4800 0.6100 0.7200 0.8100 0.8800
0.0000 0.0000 0.0000 0.0000 0.0000 0.0000 0.0000 0.0000 0.0000 0.0000 0.0000 0.0000 0.0000 0.0000 0.0000 0.0000 0.0000 0.0000 0.0000 0.0000 0.0000 0.0000 0.0000 0.0000 0.0000 0.0000 0.0000 0.0000 0.0000 0.0000 0.0000 0.0000 0.0000 0.1100 0.2800 0.4300 0.5600 0.6700 0.7600 0.8300
0.0000 0.0000 0.0000 0.0000 0.0000 0.0000 0.0000 0.0000 0.0000 0.0000 0.0000 0.0000 0.0000 0.0000 0.0000 0.0000 0.0000 0.0000 0.0000 0.0000 0.0000 0.0000 0.0000 0.0000 0.0000 0.0000 0.0000 0.0000 0.0000 0.0000 0.0000 0.0000 0.0000 0.0400 0.2100 0.3600 0.4900 0.6000 0.6900 0.7600
0.0000 0.0000 0.0000 0.0000 0.0000 0.0000 0.0000 0.0000 0.0000 0.0000 0.0000 0.0000 0.0000 0.0000 0.0000 0.0000 0.0000 0.0000 0.0000 0.0000 0.0000 0.0000 0.0000 0.0000 0.0000 0.0000 0.0000 0.0000 0.0000 0.0000 0.0000 0.0000 0.0000 0.0000 0.1200 0.2700 0.4000 0.5100 0.6000 0.6700
0.0000 0.0000 0.0000 0.0000 0.0000 0.0000 0.0000 0.0000 0.0000 0.0000 0.0000 0.0000 0.0000 0.0000 0.0000 0.0000 0.0000 0.0000 0.0000 0.0000 0.0000 0.0000 0.0000 0.0000 0.0000 0.0000 0.0000 0.0000 0.0000 0.0000 0.0000 0.0000 0.0000 0.0000 0.0100 0.1600 0.2900 0.4000 0.4900 0.5600
0.0000 0.0000 0.0000 0.0000 0.0000 0.0000 0.0000 0.0000 0.0000 0.0000 0.0000 0.0000 0.0000 0.0000 0.0000 0.0000 0.0000 0.0000 0.0000 0.0000 0.0000 0.0000 0.0000 0.0000 0.0000 0.0000 0.0000 0.0000 0.0000 0.0000 0.0000 0.0000 0.0000 0.0000 0.0000 0.0300 0.1600 0.2700 0.3600 0.4300
0.0000 0.0000 0.0000 0.0000 0.0000 0.0000 0.0000 0.0000 0.0000 0.0000 0.0000 0.0000 0.0000 0.0000 0.0000 0.0000 0.0000 0.0000 0.0000 0.0000 0.0000 0.0000 0.0000 0.0000 0.0000 0.0000 0.0000 0.0000 0.0000 0.0000 0.0000 0.0000 0.0000 0.0000 0.0000 0.0000 0.0100 0.1200 0.2100 0.2800
