0.0000 0.0000 0.0000 0.0000 0.0000 0.0000 0.0000 0.0000 0.0000 0.0000 0.0000 0.0000 0.0000 0.0000 0.0100 0.0000 0.0000 0.0000 0.0000 0.0000 0.0000 0.0000 0.0000 0.0000 0.0000 0.0000 0.0000 0.0000 0.0000 0.0000 0.0000 0.0000 0.0000 0.0000 0.0000 0.0000 0.0000 0.0000 0.0000 0.0000
0.0000 0.0000 0.0000 0.0000 0.0000 0.0000 0.0000 0.0000 0.0000 0.0000 0.0400 0.1100 0.1600 0.1900 0.2000 0.1900 0.1600 0.1100 0.0400 0.0000 0.0000 0.0000 0.0000 0.0000 0.0000 0.0000 0.0000 0.0000 0.0000 0.0000 0.0000 0.0000 0.0000 0.0000 0.0000 0.0000 0.0000 0.0000 0.0000 0.0000
0.0000 0.0000 0.0000 0.0000 0.0000 0.0000 0.0000 0.0000 0.0100 0.1200 0.2100 0.2800 0.3300 0.3600 0.3700 0.3600 0.3300 0.2800 0.2100 0.1200 0.0100 0.0000 0.0000 0.0000 0.0000 0.0000 0.0000 0.0000 0.0000 0.0000 0.0000 0.0000 0.0000 0.0000 0.0000 0.0000 0.0000 0.0000 0.0000 0.0000
0.0000 0.0000 0.0000 0.0000 0.0000 0.0000 0.0000 0.0300 0.1600 0.2700 0.3600 0.4300 0.4800 0.5100 0.5200 0.5100 0.4800 0.4300 0.3600 0.2700 0.1600 0.0300 0.0000 0.0000 0.0000 0.0000 0.0000 0.0000 0.0000 0.0000 0.0000 0.0000 0.0000 0.0000 0.0000 0.0000 0.0000 0.0000 0.0000 0.0000
0.0000 0.0000 0.0000 0.0000 0.0000 0.0000 0.0100 0.1600 0.2900 0.4000 0.4900 0.5600 0.6100 0.6400 0.6500 0.6400 0.6100 0.5600 0.4900 0.4000 0.2900 0.1600 0.0100 0.0000 0.0000 0.0000 0.0000 0.0000 0.0000 0.0000 0.0000 0.0000 0.0000 0.0000 0.0000 0.0000 0.0000 0.0000 0.0000 0.0000
0.0000 0.0000 0.0000 0.0000 0.0000 0.0000 0.1200 0.2700 0.4000 0.5100 0.6000 0.6700 0.7200 0.7500 0.7600 0.7500 0.7200 0.6700 0.6000 0.5100 0.4000 0.2700 0.1200 0.0000 0.0000 0.0000 0.0000 0.0000 0.0000 0.0000 0.0000 0.0000 0.0000 0.0000 0.0000 0.0000 0.0000 0.0000 0.0000 0.0000
0.0000 0.0000 0.0000 0.0000 0.0000 0.0400 0.2100 0.3600 0.4900 0.6000 0.6900 0.7600 0.8100 0.8400 0.8778 0.8400 0.8100 0.7600 0.6900 0.6000 0.4900 0.3600 0.2100 0.0400 0.0000 0.0000 0.0000 0.0000 0.0000 0.0000 0.0000 0.0000 0.0000 0.0000 0.0000 0.0000 0.0000 0.0000 0.0000 0.0000
0.0000 0.0000 0.0000 0.0000 0.0000 0.1100 0.2800 0.4300 0.5600 0.6700 0.7600 0.9133 1.1022 1.2156 1.2533 1.2156 1.1022 0.9133 0.7600 0.6700 0.5600 0.4300 0.2800 0.1100 0.0000 0.0000 0.0000 0.0000 0.0000 0.0000 0.0000 0.0000 0.0000 0.0000 0.0000 0.0000 0.0000 0.0000 0.0000 0.0000
0.0000 0.0000 0.0000 0.0000 0.0000 0.1600 0.3300 0.4800 0.6100 0.7200 0.9489 1.2133 1.4022 1.5156 1.5533 1.5156 1.4022 1.2133 0.9489 0.7200 0.6100 0.4800 0.3300 0.1600 0.0000 0.0000 0.0000 0.0000 0.0000 0.0000 0.0000 0.0000 0.0000 0.0000 0.0000 0.0000 0.0000 0.0000 0.0000 0.0000
0.0000 0.0000 0.0000 0.0000 0.0000 0.1900 0.3600 0.5100 0.6400 0.8333 1.1733 1.4378 1.6267 1.7400 1.7778 1.7400 1.6267 1.4378 1.1733 0.8333 0.6400 0.5100 0.3600 0.1900 0.0000 0.0000 0.0000 0.0000 0.0000 0.0000 0.0000 0.0000 0.0000 0.0000 0.0000 0.0000 0.0000 0.0000 0.0000 0.0000
0.0000 0.0000 0.0000 0.0000 0.0100 0.2000 0.3700 0.5200 0.6500 0.9822 1.3222 1.5867 1.7756 1.8889 1.9267 1.8889 1.7756 1.5867 1.3222 0.9822 0.6500 0.5200 0.3700 0.2000 0.0100 0.0000 0.0000 0.0000 0.0000 0.0000 0.0000 0.0000 0.0000 0.0000 0.0000 0.0000 0.0000 0.0000 0.0000 0.0000
0.0000 0.0000 0.0000 0.0000 0.0000 0.1900 0.3600 0.5100 0.6400 1.0556 1.3956 1.6600 1.8489 1.9622 2.0000 1.9622 1.8489 1.6600 1.3956 1.0556 0.6400 0.5100 0.3600 0.1900 0.0000 0.0000 0.0000 0.0000 0.0000 0.0000 0.0000 0.0000 0.0000 0.0000 0.0000 0.0000 0.0000 0.0000 0.0000 0.0000
0.0000 0.0000 0.0000 0.0000 0.0000 0.1600 0.3300 0.4800 0.6378 1.0533 1.3933 1.6578 1.8467 1.9600 1.9978 1.9600 1.8467 1.6578 1.3933 1.0533 0.6378 0.4800 0.3300 0.1600 0.0000 0.0000 0.0000 0.0000 0.0000 0.0000 0.0000 0.0000 0.0000 0.0278 0.0000 0.0204 0.0000 0.0000 0.0000 0.0000
0.0000 0.0000 0.0000 0.0000 0.0000 0.1100 0.2800 0.4300 0.5600 0.9756 1.3156 1.5800 1.7689 1.8822 1.9200 1.8822 1.7689 1.5800 1.3156 0.9756 0.5600 0.4300 0.2800 0.1100 0.0000 0.0000 0.0000 0.0000 0.0000 0.0000 0.0833 0.2222 0.4076 0.5374 0.5709 0.5079 0.3486 0.2041 0.1020 0.0000
0.0000 0.0000 0.0000 0.0000 0.0000 0.0400 0.2100 0.3600 0.4900 0.8222 1.1622 1.4267 1.6156 1.7289 1.7667 1.7289 1.6156 1.4267 1.1622 0.8222 0.4900 0.3600 0.2100 0.0400 0.0000 0.0000 0.0000 0.0000 0.0000 0.1389 0.3333 0.6559 0.8821 1.0119 1.0454 0.9824 0.8231 0.5675 0.3265 0.1837
0.0000 0.0000 0.0000 0.0000 0.0000 0.0000 0.1200 0.2700 0.4000 0.5933 0.9333 1.1978 1.3867 1.5000 1.5378 1.5000 1.3867 1.1978 0.9333 0.5933 0.4000 0.2700 0.1200 0.0000 0.0000 0.0000 0.0000 0.0000 0.0833 0.3333 0.7115 1.0340 1.2602 1.3900 1.4235 1.3605 1.2012 0.9456 0.5935 0.3673
0.0000 0.0000 0.0000 0.0000 0.0000 0.0000 0.0100 0.1600 0.2900 0.4000 0.6289 0.8933 1.0822 1.1956 1.2333 1.1956 1.0822 0.8933 0.6289 0.4000 0.2900 0.1600 0.0100 0.0000 0.0000 0.0000 0.0000 0.0000 0.2222 0.5743 0.9932 1.3158 1.5420 1.6718 1.7052 1.6423 1.4830 1.2273 0.8753 0.5102
0.0000 0.0000 0.0000 0.0000 0.0000 0.0000 0.0000 0.0300 0.1600 0.2700 0.3600 0.5133 0.7022 0.8156 0.8533 0.8156 0.7022 0.5133 0.3600 0.2700 0.1600 0.0300 0.0000 0.0000 0.0000 0.0000 0.0000 0.0000 0.3056 0.7596 1.1786 1.5011 1.7273 1.8571 1.8906 1.8277 1.6684 1.4127 1.0607 0.6122
0.0000 0.0000 0.0000 0.0000 0.0000 0.0000 0.0000 0.0000 0.0100 0.1200 0.2100 0.2800 0.3300 0.3600 0.3978 0.3600 0.3300 0.2800 0.2100 0.1200 0.0100 0.0000 0.0000 0.0000 0.0000 0.0000 0.0000 0.0278 0.3333 0.8486 1.2676 1.5901 1.8163 1.9461 1.9796 1.9167 1.7574 1.5017 1.1497 0.7012
0.0000 0.0000 0.0000 0.0000 0.0000 0.0000 0.0000 0.0000 0.0000 0.0000 0.0400 0.1100 0.1600 0.1900 0.2000 0.1900 0.1600 0.1100 0.0400 0.0000 0.0000 0.0000 0.0000 0.0000 0.0000 0.0000 0.0123 0.0000 0.3260 0.8413 1.2602 1.5828 1.8090 1.9388 1.9722 1.9093 1.7500 1.4943 1.1423 0.6939
0.0000 0.0000 0.0000 0.0000 0.0000 0.0000 0.0000 0.0000 0.0000 0.0000 0.0000 0.0000 0.0000 0.0000 0.0100 0.0000 0.0000 0.0000 0.0000 0.0000 0.0000 0.0000 0.0247 0.1111 0.1728 0.2099 0.2222 0.2099 0.3951 0.8486 1.1812 1.4790 1.7052 1.8350 1.8685 1.8056 1.6463 1.3906 1.0385 0.6735
0.0000 0.0000 0.0000 0.0000 0.0000 0.0000 0.0000 0.0000 0.0000 0.0000 0.0000 0.0000 0.0000 0.0000 0.0000 0.0000 0.0000 0.0000 0.0000 0.0000 0.0000 0.0988 0.2099 0.2963 0.3580 0.3951 0.4074 0.3951 0.4414 0.8337 1.1662 1.3777 1.5051 1.6349 1.6684 1.6054 1.4461 1.1905 0.8384 0.6122
0.0000 0.0000 0.0000 0.0000 0.0000 0.0000 0.0000 0.0000 0.0000 0.0000 0.0000 0.0000 0.0000 0.0000 0.0000 0.0000 0.0000 0.0000 0.0000 0.0000 0.1235 0.2593 0.3704 0.4568 0.5185 0.5556 0.5679 0.5556 0.5185 0.6977 1.0302 1.2417 1.3321 1.3384 1.3719 1.3090 1.1497 0.8940 0.6531 0.5102
0.0000 0.0000 0.0000 0.0000 0.0000 0.0000 0.0000 0.0000 0.0000 0.0000 0.0000 0.0000 0.0000 0.0000 0.0000 0.0000 0.0000 0.0000 0.0000 0.0988 0.2593 0.3951 0.5062 0.5926 0.6543 0.6914 0.7037 0.6914 0.6543 0.5926 0.7732 0.9846 1.0750 1.0443 0.9790 0.9161 0.7568 0.6122 0.5102 0.3673
0.0000 0.0000 0.0000 0.0000 0.0000 0.0000 0.0000 0.0000 0.0000 0.0000 0.0000 0.0000 0.0000 0.0000 0.0000 0.0000 0.0000 0.0000 0.0247 0.2099 0.3704 0.5062 0.6173 0.7037 0.7654 0.8025 0.8148 0.8025 0.7654 0.7037 0.6173 0.6898 0.6969 0.6662 0.5145 0.5102 0.4898 0.4286 0.3265 0.1837
0.0000 0.0000 0.0000 0.0000 0.0000 0.0000 0.0000 0.0000 0.0000 0.0000 0.0000 0.0000 0.0000 0.0000 0.0000 0.0000 0.0000 0.0000 0.1111 0.2963 0.4568 0.5926 0.7037 0.7901 0.8519 0.8889 0.9012 0.8889 0.8519 0.7901 0.7037 0.5926 0.5588 0.5004 0.3764 0.2857 0.2653 0.2041 0.1020 0.0000
0.0000 0.0000 0.0000 0.0000 0.0000 0.0000 0.0000 0.0000 0.0000 0.0000 0.0000 0.0000 0.0000 0.0000 0.0000 0.0000 0.0000 0.0000 0.1728 0.3580 0.5185 0.6543 0.7654 0.8519 0.9136 0.9506 0.9630 0.9506 0.9136 0.8519 0.7654 0.6543 0.5185 0.3580 0.1728 0.0204 0.0000 0.0000 0.0000 0.0000
0.0000 0.0000 0.0000 0.0204 0.0000 0.0000 0.0000 0.0000 0.0000 0.0000 0.0000 0.0000 0.0000 0.0000 0.0000 0.0000 0.0000 0.0000 0.2099 0.3951 0.5556 0.6914 0.8025 0.8889 0.9662 0.9877 1.0000 0.9877 0.9506 0.8889 0.8025 0.6914 0.5556 0.3951 0.2099 0.0000 0.0000 0.0000 0.0000 0.0000
0.1020 0.2041 0.2653 0.2857 0.2653 0.2041 0.1020 0.0000 0.0000 0.0000 0.0000 0.0000 0.0000 0.0000 0.0000 0.0000 0.0000 0.0123 0.2222 0.4074 0.5679 0.8131 1.0023 1.1356 1.2130 1.2344 1.1998 1.1094 0.9630 0.9012 0.8148 0.7037 0.5679 0.4074 0.2222 0.0123 0.0000 0.0000 0.0000 0.0000
0.3265 0.4286 0.4898 0.5102 0.4898 0.4286 0.3265 0.1837 0.0000 0.0000 0.0000 0.0000 0.0000 0.0000 0.0000 0.0000 0.0000 0.0000 0.2099 0.4576 0.7587 1.0039 1.1931 1.3264 1.4037 1.4252 1.3906 1.3002 1.1537 0.9514 0.8025 0.6914 0.5556 0.3951 0.2099 0.0000 0.0000 0.0000 0.0000 0.0000
0.5102 0.6122 0.6735 0.6939 0.6735 0.6122 0.5102 0.3673 0.1837 0.0000 0.0000 0.0000 0.0000 0.0000 0.0000 0.0000 0.0000 0.0000 0.2353 0.5924 0.8935 1.1387 1.3279 1.4612 1.5386 1.5600 1.5255 1.4350 1.2886 1.0862 0.8279 0.6543 0.5185 0.3580 0.1728 0.0000 0.0000 0.0000 0.0000 0.0000
0.6531 0.7551 0.8163 0.8367 0.8163 0.7551 0.6531 0.5102 0.3265 0.1020 0.0000 0.0000 0.0000 0.0000 0.0000 0.0000 0.0000 0.0000 0.3142 0.6713 0.9724 1.2176 1.4068 1.5401 1.6175 1.6389 1.6044 1.5139 1.3675 1.1651 0.9068 0.5926 0.4568 0.2963 0.1111 0.0000 0.0000 0.0000 0.0000 0.0000
0.7551 0.8571 0.9184 0.9388 0.9184 0.8571 0.7551 0.6122 0.4286 0.2041 0.0000 0.0000 0.0000 0.0000 0.0000 0.0000 0.0000 0.1094 0.3372 0.6943 0.9954 1.2405 1.4298 1.5631 1.6404 1.6618 1.6273 1.5368 1.3904 1.1881 0.9298 0.6155 0.3704 0.2099 0.0247 0.0000 0.0000 0.0000 0.0000 0.0000
0.8163 0.9184 0.9796 1.0000 0.9796 0.9184 0.8163 0.6735 0.4898 0.2653 0.0000 0.0000 0.0000 0.0000 0.0000 0.0000 0.0000 0.1875 0.3906 0.6613 0.9624 1.2076 1.3968 1.5301 1.6074 1.6289 1.5943 1.5039 1.3574 1.1551 0.8968 0.5826 0.2593 0.0988 0.0000 0.0000 0.0000 0.0000 0.0000 0.0000
0.8367 0.9388 1.0000 1.0204 1.0000 0.9388 0.8367 0.6939 0.5102 0.2857 0.0204 0.0000 0.0000 0.0400 0.0000 0.0000 0.0000 0.2344 0.4375 0.6094 0.8735 1.1186 1.3079 1.4412 1.5185 1.5399 1.5054 1.4149 1.2685 1.0662 0.8079 0.4936 0.1235 0.0000 0.0000 0.0000 0.0000 0.1020 0.2041 0.2653
0.8163 0.9184 0.9796 1.0000 0.9796 0.9184 0.8163 0.6735 0.4898 0.2653 0.0400 0.2400 0.3600 0.4000 0.3600 0.2400 0.0556 0.2500 0.4531 0.6250 0.7656 0.9738 1.1630 1.2963 1.3736 1.3951 1.3605 1.2701 1.1236 0.9213 0.6630 0.3488 0.0156 0.0000 0.0000 0.0000 0.1837 0.3265 0.4286 0.4898
0.7551 0.8571 0.9184 0.9388 0.9184 0.8571 0.7551 0.6122 0.4286 0.2441 0.3200 0.5200 0.6400 0.6800 0.6400 0.5200 0.3200 0.2744 0.4375 0.6094 0.7500 0.8594 0.9622 1.0955 1.1728 1.1943 1.1597 1.0693 0.9228 0.7205 0.4622 0.2344 0.0000 0.0000 0.0000 0.1837 0.3673 0.5102 0.6122 0.6735
0.6531 0.7551 0.8163 0.8367 0.8163 0.7551 0.6531 0.5102 0.3265 0.3420 0.5200 0.7200 0.8400 0.8800 0.8400 0.7200 0.5200 0.4275 0.3906 0.5625 0.7031 0.8125 0.8906 0.9375 0.9531 0.9375 0.9030 0.8125 0.7031 0.5625 0.3906 0.1875 0.0000 0.0000 0.1020 0.3265 0.5102 0.6531 0.7551 0.8163
0.5102 0.6122 0.6735 0.6939 0.6735 0.6122 0.5102 0.3673 0.1837 0.3600 0.6400 0.8400 0.9600 1.0000 0.9600 0.8400 0.6400 0.4694 0.3125 0.4844 0.6250 0.7344 0.8125 0.8594 0.8750 0.8594 0.8125 0.7344 0.6250 0.4844 0.3125 0.1094 0.0000 0.0000 0.2041 0.4286 0.6122 0.7551 0.8571 0.9184
0.3265 0.4286 0.4898 0.5102 0.4898 0.4286 0.3265 0.1837 0.0400 0.4000 0.6800 0.8800 1.0000 1.0400 1.0000 0.8800 0.6800 0.4000 0.2431 0.3750 0.5156 0.6250 0.7031 0.7500 0.7656 0.7500 0.7031 0.6250 0.5156 0.3750 0.2031 0.0000 0.0000 0.0000 0.2653 0.4898 0.6735 0.8163 0.9184 0.9796
