0.5200 0.6400 0.6800 0.6400 0.5200 0.3200 0.0400 0.0000 0.0000 0.0000 0.0000 0.0000 0.0000 0.0000 0.0000 0.0100 0.0000 0.0000 0.0000 0.0000 0.0000 0.0000 0.0000 0.0000 0.0000 0.0000 0.0000 0.0000 0.0000 0.0000 0.0000 0.0000 0.0000 0.0000 0.0000 0.0000 0.0000 0.0000 0.0000 0.0000
0.7200 0.8400 0.8800 0.8400 0.7200 0.5200 0.2400 0.0000 0.0000 0.0000 0.0000 0.0400 0.1100 0.1600 0.1900 0.2000 0.1900 0.1600 0.1100 0.0400 0.0000 0.0000 0.0000 0.0000 0.0000 0.0000 0.0000 0.0000 0.0000 0.0000 0.0000 0.0000 0.0000 0.0000 0.0000 0.0000 0.0000 0.0000 0.0000 0.0000
0.8400 0.9600 1.0000 0.9600 0.8400 0.6400 0.3600 0.0000 0.0000 0.0100 0.1200 0.2100 0.2800 0.3300 0.3600 0.3700 0.3600 0.3300 0.2800 0.2100 0.1200 0.0100 0.0000 0.0000 0.0000 0.0000 0.0000 0.0000 0.0000 0.0000 0.0000 0.0000 0.0000 0.0000 0.0000 0.0000 0.0000 0.0000 0.0000 0.0400
0.8800 1.0000 1.0400 1.0000 0.8800 0.6800 0.4000 0.0400 0.0300 0.1600 0.2700 0.3600 0.4300 0.4800 0.5100 0.5200 0.5100 0.4800 0.4300 0.3600 0.2700 0.1600 0.0300 0.0000 0.0000 0.0000 0.0000 0.0000 0.0000 0.0000 0.0000 0.0000 0.0000 0.0000 0.0000 0.0000 0.0400 0.2400 0.3600 0.4000
0.8400 0.9600 1.0000 0.9600 0.8400 0.6400 0.3600 0.0100 0.1600 0.2900 0.4000 0.4900 0.5600 0.6100 0.6400 0.6500 0.6400 0.6100 0.5600 0.4900 0.4000 0.2900 0.1600 0.0100 0.0000 0.0000 0.0000 0.0000 0.0000 0.0000 0.0000 0.0000 0.0000 0.0000 0.0000 0.0400 0.3200 0.5200 0.6400 0.6800
0.7200 0.8400 0.8800 0.8400 0.7200 0.5200 0.2400 0.1200 0.2700 0.4000 0.5100 0.6000 0.6700 0.7200 0.7500 0.7804 0.7500 0.7200 0.6700 0.6000 0.5100 0.4000 0.2700 0.1200 0.0000 0.0000 0.0000 0.0000 0.0000 0.0000 0.0000 0.0000 0.0000 0.0000 0.0000 0.2400 0.5200 0.7200 0.8400 0.8800
0.5200 0.6400 0.6800 0.6400 0.5200 0.3200 0.0800 0.2100 0.3600 0.4900 0.6000 0.6900 0.8620 1.0141 1.1053 1.1357 1.1053 1.0141 0.8620 0.6900 0.6000 0.4900 0.3600 0.2100 0.0400 0.0000 0.0000 0.0000 0.0000 0.0000 0.0000 0.0000 0.0000 0.0000 0.0000 0.3600 0.6400 0.8400 0.9600 1.0000
0.2400 0.3600 0.4000 0.3600 0.2400 0.0400 0.1100 0.2800 0.4300 0.5600 0.6700 0.9437 1.1565 1.3086 1.3998 1.4302 1.3998 1.3086 1.1565 0.9437 0.6700 0.5600 0.4300 0.2800 0.1100 0.0000 0.0000 0.0000 0.0000 0.0000 0.0000 0.0000 0.0000 0.0000 0.0400 0.4000 0.6800 0.8800 1.0000 1.0000
0.0000 0.0000 0.0400 0.0000 0.0000 0.0000 0.1600 0.3300 0.4800 0.6100 0.9037 1.1773 1.3902 1.5422 1.6335 1.6639 1.6335 1.5422 1.3902 1.1773 0.9037 0.6100 0.4800 0.3300 0.1600 0.0000 0.0000 0.0000 0.0000 0.0000 0.0000 0.0000 0.0000 0.0000 0.0000 0.3600 0.6400 0.8400 0.9600 1.0000
0.0000 0.0000 0.0000 0.0000 0.0000 0.0000 0.1900 0.3600 0.5100 0.7420 1.0765 1.3502 1.5631 1.7151 1.8063 1.8367 1.8063 1.7151 1.5631 1.3502 1.0765 0.7420 0.5100 0.3600 0.1900 0.0000 0.0000 0.0000 0.0000 0.0000 0.0000 0.0000 0.0000 0.0000 0.0000 0.2400 0.5200 0.7200 0.8400 0.8800
0.0000 0.0000 0.0000 0.0000 0.0000 0.0100 0.2000 0.3700 0.5200 0.8541 1.1886 1.4622 1.6751 1.8271 1.9184 1.9488 1.9184 1.8271 1.6751 1.4622 1.1886 0.8541 0.5200 0.3700 0.2000 0.0100 0.0000 0.0000 0.0000 0.0000 0.0000 0.0000 0.0000 0.0000 0.0000 0.0400 0.3200 0.5200 0.6400 0.6800
0.0000 0.0000 0.0000 0.0000 0.0000 0.0000 0.1900 0.3600 0.5100 0.9053 1.2398 1.5135 1.7263 1.8784 1.9696 2.0000 1.9696 1.8784 1.7263 1.5135 1.2398 0.9053 0.5100 0.3600 0.1900 0.0000 0.0000 0.0000 0.0000 0.0000 0.0000 0.0000 0.0000 0.0000 0.0000 0.0000 0.0400 0.2400 0.3600 0.4000
0.0000 0.0000 0.0000 0.0000 0.0000 0.0000 0.1600 0.3300 0.5004 0.8957 1.2302 1.5039 1.7167 1.8688 1.9600 1.9904 1.9600 1.8688 1.7167 1.5039 1.2302 0.8957 0.5004 0.3300 0.1600 0.0000 0.0000 0.0000 0.0000 0.0000 0.0000 0.0000 0.0000 0.0000 0.0000 0.0000 0.0000 0.0000 0.0000 0.0400
0.0000 0.0000 0.0000 0.0000 0.0000 0.0000 0.1100 0.2800 0.4300 0.8253 1.1598 1.4335 1.6463 1.7984 1.8896 1.9200 1.8896 1.7984 1.6463 1.4335 1.1598 0.8253 0.4300 0.2800 0.1100 0.0000 0.0000 0.0000 0.0000 0.0000 0.0000 0.0000 0.0000 0.0000 0.0000 0.0000 0.0000 0.0000 0.0000 0.0000
0.0000 0.0000 0.0000 0.0000 0.0000 0.0000 0.0400 0.2304 0.3600 0.6941 1.0286 1.3022 1.5151 1.6671 1.7584 1.7888 1.7584 1.6671 1.5151 1.3022 1.0286 0.6941 0.3600 0.2100 0.0400 0.0000 0.0000 0.0000 0.0000 0.0000 0.0000 0.0000 0.0000 0.0000 0.0000 0.0000 0.0000 0.0000 0.0000 0.0000
0.0000 0.0000 0.0000 0.0000 0.1020 0.2164 0.2653 0.4057 0.5353 0.7061 0.9386 1.1102 1.3231 1.4751 1.5663 1.5967 1.5663 1.4751 1.3231 1.1102 0.8365 0.5020 0.2700 0.1200 0.0000 0.0000 0.0000 0.0000 0.0000 0.0000 0.0000 0.0000 0.0000 0.0000 0.0000 0.0000 0.0000 0.0000 0.0000 0.0000
0.0000 0.0247 0.1111 0.3565 0.5364 0.6508 0.6997 0.6930 0.7609 0.7433 0.9102 1.0410 1.0702 1.2222 1.3135 1.3439 1.3135 1.2222 1.0702 0.8573 0.5837 0.2900 0.1600 0.0100 0.0000 0.0000 0.0000 0.0000 0.0000 0.0000 0.0000 0.0000 0.0000 0.0000 0.0000 0.0000 0.0000 0.0000 0.0000 0.0000
0.0988 0.2099 0.4800 0.7254 0.9053 1.0197 1.0685 1.0519 0.9998 0.9821 0.8790 0.9110 0.9402 0.9086 0.9998 1.0302 0.9998 0.9086 0.7565 0.5437 0.2700 0.1600 0.0300 0.0000 0.0000 0.0000 0.0000 0.0000 0.0000 0.0000 0.0000 0.0000 0.0000 0.0000 0.0000 0.0000 0.0000 0.0000 0.0000 0.0000
0.2593 0.4724 0.7833 1.0287 1.2086 1.3230 1.3719 1.3553 1.2731 1.1355 1.0323 0.8437 0.7086 0.6361 0.6253 0.6557 0.6253 0.5341 0.3820 0.2100 0.1200 0.0100 0.0000 0.0000 0.0000 0.0000 0.0000 0.0000 0.0000 0.0000 0.0000 0.0000 0.0000 0.0000 0.0000 0.0000 0.0000 0.0000 0.0000 0.0000
0.3951 0.7103 1.0212 1.2666 1.4465 1.5608 1.6097 1.5931 1.5110 1.3633 1.1502 0.9115 0.6373 0.3641 0.1900 0.2204 0.1900 0.1600 0.1100 0.0400 0.0000 0.0000 0.0000 0.0000 0.0000 0.0000 0.0000 0.0000 0.0000 0.0000 0.0000 0.0000 0.0000 0.0000 0.0000 0.0156 0.0000 0.0000 0.0000 0.0000
0.5062 0.8826 1.1935 1.4389 1.6188 1.7332 1.7821 1.7654 1.6833 1.5357 1.3225 1.0438 0.6997 0.2900 0.0000 0.0100 0.0000 0.0000 0.0000 0.0000 0.0000 0.0000 0.0000 0.0000 0.0000 0.0000 0.0000 0.0000 0.0000 0.0000 0.0000 0.0000 0.1094 0.1875 0.2344 0.2500 0.2344 0.1875 0.1094 0.0000
0.6130 0.9894 1.3003 1.5457 1.7256 1.8400 1.8889 1.8519 1.7901 1.6425 1.4293 1.1507 0.8065 0.3968 0.0204 0.0000 0.0000 0.0000 0.0000 0.0000 0.0000 0.0000 0.0000 0.0000 0.0000 0.0000 0.0000 0.0000 0.0000 0.0000 0.0625 0.2031 0.3125 0.3906 0.4375 0.4531 0.4375 0.3906 0.3125 0.2031
0.6543 1.0307 1.3416 1.5870 1.7669 1.8813 1.9302 1.9136 1.8314 1.6838 1.4706 1.1920 0.8478 0.4381 0.0000 0.0000 0.0000 0.0000 0.0000 0.0000 0.0000 0.0000 0.0000 0.0000 0.0000 0.0000 0.0000 0.0000 0.0000 0.0625 0.2344 0.3750 0.4844 0.5625 0.6094 0.6250 0.6094 0.5625 0.4844 0.3750
0.6914 1.0066 1.3175 1.5629 1.7428 1.8571 1.9060 1.8894 1.8073 1.6596 1.4465 1.1678 0.8236 0.4140 0.0000 0.0000 0.0000 0.0000 0.0000 0.0000 0.0000 0.0000 0.0000 0.0000 0.0000 0.0000 0.0000 0.0000 0.0000 0.2031 0.3750 0.5156 0.6250 0.7031 0.7500 0.7656 0.7500 0.7031 0.6250 0.5156
0.7037 0.9169 1.2278 1.4732 1.6531 1.7674 1.8163 1.7997 1.7176 1.5699 1.3568 1.0781 0.7339 0.3243 0.0123 0.0000 0.0000 0.0000 0.0000 0.0000 0.0100 0.0000 0.0000 0.0000 0.0000 0.0000 0.0000 0.0000 0.1094 0.3125 0.4844 0.6250 0.7344 0.8125 0.8594 0.8750 0.8594 0.8125 0.7344 0.6250
0.6914 0.8025 1.0726 1.3180 1.4979 1.6122 1.6611 1.6445 1.5624 1.4147 1.2016 0.9229 0.5787 0.2099 0.0000 0.0000 0.0400 0.1100 0.1600 0.1900 0.2000 0.1900 0.1600 0.1100 0.0400 0.0000 0.0000 0.0000 0.1875 0.3906 0.5625 0.7031 0.8125 0.8906 0.9375 0.9531 0.9375 0.8906 0.8125 0.7031
0.6543 0.7654 0.8519 1.0973 1.2771 1.3915 1.4404 1.4238 1.3416 1.1940 0.9809 0.7022 0.3580 0.1728 0.0100 0.1200 0.2100 0.2800 0.3300 0.3600 0.3700 0.3600 0.3300 0.2800 0.2100 0.1200 0.0100 0.0000 0.2344 0.4375 0.6094 0.7500 0.8594 0.9375 0.9844 1.0000 0.9844 0.9375 0.8594 0.7500
0.5926 0.7037 0.7901 0.8519 0.9909 1.1053 1.1542 1.1376 1.0554 0.9078 0.6946 0.4568 0.2963 0.1411 0.1600 0.2700 0.3600 0.4300 0.4800 0.5100 0.5200 0.5100 0.4800 0.4300 0.3600 0.2700 0.1600 0.0456 0.2500 0.4531 0.6250 0.7656 0.8750 0.9531 1.0000 1.0156 1.0000 0.9531 0.8750 0.7656
0.5062 0.6173 0.7037 0.7654 0.8025 0.8148 0.8025 0.7858 0.7037 0.6173 0.5062 0.3704 0.2199 0.1847 0.2900 0.4000 0.4900 0.5600 0.6100 0.6400 0.6500 0.6400 0.6200 0.5600 0.4900 0.4000 0.2900 0.1600 0.2444 0.4375 0.6094 0.7500 0.8594 0.9375 0.9844 1.0000 0.9844 0.9375 0.8594 0.7500
0.3951 0.5062 0.5926 0.6543 0.6914 0.7037 0.6914 0.6543 0.5926 0.5062 0.3951 0.2593 0.2188 0.2700 0.4000 0.5100 0.6000 0.6700 0.7600 0.8600 0.9200 0.9400 0.9200 0.8600 0.7600 0.6200 0.4400 0.2700 0.3075 0.3906 0.5625 0.7031 0.8125 0.8906 0.9375 0.9531 0.9375 0.8906 0.8125 0.7031
0.2593 0.3704 0.4568 0.5185 0.5556 0.5679 0.5556 0.5185 0.4568 0.3704 0.2593 0.1635 0.2100 0.3600 0.4900 0.6000 0.7000 0.8800 1.0200 1.1200 1.1800 1.2000 1.1800 1.1200 1.0200 0.8800 0.7000 0.4800 0.3294 0.3525 0.4844 0.6250 0.7344 0.8125 0.8594 0.8750 0.8594 0.8125 0.7344 0.6250
0.0988 0.2099 0.2963 0.3580 0.3951 0.4074 0.3951 0.3580 0.2963 0.2099 0.0988 0.1100 0.2800 0.4300 0.5600 0.7000 0.9200 1.1000 1.2400 1.3400 1.4000 1.4200 1.4000 1.3400 1.2400 1.1000 0.9200 0.7000 0.4400 0.3431 0.3750 0.5156 0.6250 0.7031 0.7500 0.7656 0.7500 0.7031 0.6250 0.5156
0.0000 0.0247 0.1111 0.1728 0.2099 0.2222 0.2099 0.1728 0.1111 0.0247 0.0000 0.1600 0.3300 0.4800 0.6200 0.8800 1.1000 1.2800 1.4200 1.5200 1.5800 1.6000 1.5800 1.5200 1.4200 1.2800 1.1000 0.8800 0.6200 0.3825 0.2444 0.3750 0.4844 0.5625 0.6094 0.6250 0.6094 0.5625 0.4844 0.3750
0.0000 0.0000 0.0000 0.0000 0.0000 0.0123 0.0000 0.0000 0.0000 0.0000 0.0000 0.1900 0.3600 0.5100 0.7600 1.0200 1.2400 1.4200 1.5600 1.6600 1.7200 1.7400 1.7200 1.6600 1.5600 1.4200 1.2400 1.0200 0.7600 0.4600 0.1825 0.2031 0.3125 0.3906 0.4375 0.4531 0.4375 0.3906 0.3125 0.2031
0.0000 0.0000 0.0000 0.0000 0.0000 0.0000 0.0000 0.0000 0.0000 0.0000 0.0100 0.2000 0.3700 0.5600 0.8600 1.1200 1.3400 1.5200 1.6600 1.7600 1.8200 1.8400 1.8200 1.7600 1.6600 1.5200 1.3400 1.1200 0.8600 0.5600 0.2200 0.0400 0.1094 0.1875 0.2344 0.2500 0.2344 0.1875 0.1094 0.0000
0.0000 0.0000 0.0000 0.0000 0.0000 0.0000 0.0000 0.0000 0.0000 0.0000 0.0000 0.1900 0.3600 0.6200 0.9200 1.1800 1.4000 1.5800 1.7200 1.8200 1.8800 1.9000 1.8800 1.8200 1.7200 1.5800 1.4000 1.1800 0.9200 0.6200 0.2800 0.1100 0.0000 0.0000 0.0000 0.0156 0.0000 0.0000 0.0000 0.0000
0.0000 0.0000 0.0000 0.0000 0.0000 0.0000 0.0000 0.0000 0.0000 0.0000 0.0000 0.1600 0.3300 0.6400 0.9400 1.2000 1.4200 1.6000 1.7400 1.8400 1.9000 1.9200 1.9000 1.8400 1.7400 1.6000 1.4200 1.2000 0.9400 0.6400 0.3300 0.1600 0.0000 0.0000 0.0000 0.0000 0.0000 0.0000 0.0000 0.0000
0.0000 0.0000 0.0000 0.0000 0.0000 0.0000 0.0000 0.0000 0.0000 0.0000 0.0000 0.1100 0.2800 0.6200 0.9200 1.1800 1.4000 1.5800 1.7200 1.8200 1.8800 1.9000 1.8800 1.8200 1.7200 1.5800 1.4000 1.1800 0.9200 0.6200 0.3600 0.1900 0.0000 0.0000 0.0000 0.0000 0.0000 0.0000 0.0000 0.0000
0.0000 0.0000 0.0000 0.0000 0.0000 0.0000 0.0000 0.0000 0.0000 0.0000 0.0000 0.0400 0.2200 0.5600 0.8600 1.1200 1.3400 1.5200 1.6600 1.7600 1.8200 1.8400 1.8200 1.7600 1.6600 1.5200 1.3400 1.1200 0.8600 0.5600 0.3700 0.2000 0.0100 0.0000 0.0000 0.0000 0.0000 0.0000 0.0000 0.0000
0.0000 0.0000 0.0000 0.0000 0.0000 0.0000 0.0000 0.0000 0.0000 0.0000 0.0000 0.0000 0.1200 0.4600 0.7600 1.0200 1.2400 1.4200 1.5600 1.6600 1.7200 1.7400 1.7200 1.6600 1.5600 1.4200 1.2400 1.0200 0.7600 0.5100 0.3600 0.1900 0.0000 0.0000 0.0000 0.0000 0.0000 0.0000 0.0000 0.0000
