0.0000 0.0000 0.0000 0.0000 0.0000 0.0000 0.0000 0.0000 0.0000 0.0000 0.0000 0.0000 0.0000 0.0000 0.0000 0.0000 0.0000 0.0000 0.0000 0.0000 0.0000 0.0000 0.0000 0.0000 0.0000 0.0000 0.0000 0.0000 0.0000 0.0000 0.0000 0.0000 0.0000 0.0000 0.0000 0.0000 0.0000 0.0000 0.0000 0.0000
0.0000 0.0000 0.0000 0.0000 0.0000 0.0000 0.0000 0.0000 0.0000 0.0000 0.0000 0.0000 0.0000 0.0000 0.0000 0.0000 0.0000 0.0000 0.0000 0.0000 0.0000 0.0156 0.0000 0.0000 0.0000 0.0000 0.0000 0.0000 0.0000 0.0000 0.0000 0.0000 0.0000 0.0000 0.0000 0.0000 0.0000 0.0000 0.0000 0.0000
0.0000 0.0000 0.0000 0.0000 0.0000 0.0000 0.0000 0.0000 0.0000 0.0000 0.0000 0.0000 0.0000 0.0000 0.0000 0.0000 0.0100 0.0000 0.1094 0.1875 0.2344 0.2500 0.2344 0.1875 0.1094 0.0000 0.0000 0.0000 0.0000 0.0000 0.0000 0.0000 0.0000 0.0000 0.0000 0.0000 0.0000 0.0000 0.0000 0.0000
0.0000 0.0000 0.0000 0.0000 0.0000 0.0000 0.0000 0.0000 0.0000 0.0000 0.0000 0.0000 0.0400 0.1100 0.1600 0.1900 0.2625 0.3931 0.4725 0.5006 0.4775 0.4531 0.4375 0.3906 0.3125 0.2031 0.0625 0.0000 0.0000 0.0000 0.0000 0.0000 0.0000 0.0000 0.0000 0.0000 0.0000 0.0000 0.0000 0.0000
0.0000 0.0000 0.0000 0.0000 0.0000 0.0000 0.0000 0.0000 0.0000 0.0000 0.0100 0.1200 0.2100 0.2800 0.3300 0.4225 0.6044 0.7350 0.8144 0.8425 0.8194 0.7450 0.6194 0.5725 0.4844 0.3750 0.2344 0.0625 0.0000 0.0000 0.0000 0.0000 0.0000 0.0000 0.0000 0.0000 0.0000 0.0000 0.0000 0.0000
0.0000 0.0000 0.0000 0.0000 0.0000 0.0000 0.0000 0.0000 0.0000 0.0300 0.1600 0.2700 0.3600 0.4300 0.4800 0.7131 0.8950 1.0256 1.1050 1.1731 1.2200 1.1956 1.1000 0.9331 0.8150 0.6756 0.4850 0.2431 0.0000 0.0000 0.0000 0.0000 0.0000 0.0000 0.0000 0.0000 0.0000 0.0000 0.0000 0.0000
0.0000 0.0000 0.0000 0.0000 0.0000 0.0000 0.0000 0.0000 0.0100 0.1600 0.2900 0.4000 0.4900 0.5600 0.7194 0.9525 1.1344 1.2750 1.4644 1.5825 1.6294 1.6050 1.5094 1.3425 1.1044 0.9550 0.7644 0.5225 0.2294 0.0100 0.0000 0.0000 0.0000 0.0000 0.0000 0.0000 0.0000 0.0000 0.0000 0.0000
0.0000 0.0000 0.0000 0.0000 0.0000 0.0000 0.0000 0.0000 0.1200 0.2700 0.4000 0.5100 0.6000 0.6700 0.9075 1.1406 1.3525 1.6131 1.8025 1.9206 1.9675 1.9431 1.8475 1.6806 1.4425 1.1831 0.9925 0.7506 0.4575 0.1600 0.0300 0.0000 0.0000 0.0000 0.0000 0.0000 0.0000 0.0000 0.0000 0.0000
0.0000 0.0000 0.0000 0.0000 0.0000 0.0000 0.0000 0.0400 0.2100 0.3600 0.4900 0.6000 0.6900 0.7600 1.0444 1.2875 1.6194 1.8900 2.0694 2.1875 2.2344 2.2100 2.1144 1.9475 1.7094 1.4000 1.1694 0.9275 0.6344 0.2900 0.1600 0.0100 0.0000 0.0000 0.0000 0.0000 0.0000 0.0000 0.0000 0.0000
0.0000 0.0000 0.0000 0.0000 0.0000 0.0000 0.0000 0.1100 0.2800 0.4300 0.5600 0.6700 0.7600 0.8856 1.2400 1.6431 2.0050 2.2756 2.4550 2.5431 2.5400 2.4456 2.3100 2.1431 1.9050 1.5956 1.2950 1.0531 0.7600 0.4156 0.2700 0.1200 0.0000 0.0000 0.0000 0.0000 0.0000 0.0000 0.0000 0.0000
0.0000 0.0000 0.0000 0.0000 0.0000 0.0000 0.0000 0.1600 0.3300 0.4800 0.6100 0.7300 0.9300 1.0900 1.4844 1.9375 2.2994 2.5700 2.7494 2.8375 2.8344 2.7400 2.5544 2.2775 2.0294 1.7200 1.3694 1.1275 0.8344 0.4900 0.3600 0.2100 0.0400 0.0000 0.0000 0.0000 0.0000 0.0000 0.0000 0.0000
0.0000 0.0000 0.0000 0.0000 0.0000 0.0000 0.0000 0.1900 0.3600 0.5100 0.6700 0.9100 1.1100 1.2700 1.6875 2.1406 2.5025 2.7731 2.9525 3.0406 3.0375 2.9431 2.7575 2.4806 2.1125 1.7731 1.3925 1.1506 0.8575 0.5600 0.4300 0.2800 0.1100 0.0000 0.0000 0.0000 0.0000 0.0000 0.0000 0.0000
0.0000 0.0000 0.0000 0.0000 0.0000 0.0000 0.0100 0.2000 0.3700 0.5300 0.8100 1.0500 1.2500 1.4100 1.7994 2.2525 2.6144 2.8850 3.0644 3.1525 3.1494 3.0550 2.8694 2.5925 2.2244 1.7650 1.3744 1.1225 0.8294 0.6100 0.4800 0.3300 0.1600 0.0000 0.0000 0.0000 0.0000 0.0000 0.0000 0.0000
0.0000 0.0000 0.0000 0.0000 0.0000 0.0000 0.0000 0.1900 0.3600 0.6300 0.9100 1.1500 1.3500 1.5100 1.8200 2.2731 2.6350 2.9056 3.0850 3.1731 3.1700 3.0756 2.8900 2.6131 2.2450 1.7856 1.2850 1.0431 0.7500 0.6400 0.5100 0.3600 0.1900 0.0000 0.0000 0.0000 0.0000 0.0000 0.0000 0.0000
0.0000 0.0000 0.0000 0.0000 0.0000 0.0000 0.0000 0.1600 0.3700 0.6900 0.9700 1.2100 1.4100 1.5800 1.8900 2.2025 2.5644 2.8350 3.0144 3.1025 3.0994 3.0050 2.8194 2.5425 2.1744 1.7150 1.1944 0.9125 0.7600 0.6500 0.5200 0.3700 0.2000 0.0100 0.0000 0.0000 0.0000 0.0000 0.0000 0.0000
0.0000 0.0000 0.0000 0.0000 0.0000 0.0000 0.0000 0.1100 0.3900 0.7100 0.9900 1.2300 1.4300 1.5900 1.9000 2.1500 2.4025 2.6731 2.8525 2.9406 2.9375 2.8431 2.6575 2.3806 2.0125 1.5735 1.0825 0.8400 0.7500 0.6400 0.5100 0.3600 0.1900 0.0000 0.0000 0.0000 0.0000 0.0000 0.0000 0.0000
0.0000 0.0000 0.0000 0.0000 0.0000 0.0000 0.0000 0.0400 0.3700 0.6900 0.9700 1.2100 1.4100 1.5700 1.8500 2.1000 2.2900 2.4200 2.5994 2.6875 2.6844 2.5900 2.5064 2.3316 2.0247 1.5857 1.3053 1.0141 0.8220 0.6100 0.4800 0.3300 0.1600 0.0000 0.0000 0.0000 0.0100 0.0000 0.0000 0.0000
0.0000 0.0000 0.0000 0.0000 0.0000 0.0000 0.0000 0.0000 0.3100 0.6300 0.9100 1.1500 1.3500 1.5100 1.7400 1.9900 2.1800 2.3100 2.3800 2.3900 2.3400 2.4293 2.3865 2.2586 2.0298 1.7502 1.5098 1.1886 0.9965 0.7437 0.4300 0.2800 0.1500 0.1100 0.1600 0.1900 0.2000 0.1900 0.1600 0.1100
0.0000 0.0000 0.0000 0.0000 0.0000 0.0000 0.0000 0.0100 0.2100 0.5300 0.8100 1.0500 1.2500 1.4100 1.5700 1.8200 2.0100 2.1400 2.2100 2.2200 2.3537 2.4273 2.4002 2.2722 2.0435 1.8739 1.6335 1.3122 1.1102 0.8573 0.5537 0.3300 0.2500 0.2800 0.3300 0.3600 0.3700 0.3600 0.3300 0.2800
0.0000 0.0000 0.0000 0.0000 0.0000 0.0000 0.0000 0.0000 0.1900 0.3900 0.6700 0.9100 1.1100 1.2700 1.3900 1.5900 1.7800 1.9100 1.9800 2.0920 2.2665 2.3402 2.3131 2.1851 2.0763 1.9167 1.6763 1.3551 1.1631 0.9402 0.7565 0.4920 0.3600 0.4300 0.4800 0.5100 0.5200 0.5100 0.4800 0.4300
0.0000 0.0000 0.0000 0.0000 0.0000 0.0000 0.0000 0.0000 0.1600 0.3300 0.4900 0.7300 0.9300 1.0900 1.2100 1.3000 1.4900 1.6200 1.6900 1.9041 2.0786 2.1522 2.1251 2.1171 2.0384 1.8788 1.6384 1.3471 1.1651 1.0622 0.8786 0.6141 0.4900 0.5600 0.6100 0.6400 0.6500 0.6400 0.6100 0.5600
0.0000 0.0000 0.0000 0.0000 0.0000 0.0000 0.0000 0.0000 0.1100 0.2800 0.4300 0.5600 0.7100 0.8700 0.9900 1.0700 1.1400 1.2700 1.3400 1.6153 1.7898 1.9135 1.9963 1.9984 1.9196 1.7600 1.5196 1.2784 1.2063 1.1035 0.9198 0.7753 0.6000 0.6700 0.7200 0.7500 0.7600 0.7500 0.7200 0.6700
0.0000 0.0000 0.0000 0.0000 0.0000 0.0000 0.0000 0.0000 0.0400 0.2100 0.3600 0.4900 0.6000 0.6900 0.7600 0.8100 0.8500 0.8600 0.9804 1.3057 1.5502 1.7139 1.7967 1.7988 1.7200 1.5604 1.3200 1.1888 1.1667 1.0639 1.0002 0.8857 0.7104 0.7600 0.8100 0.8400 0.8500 0.8400 0.8100 0.7600
0.0000 0.0000 0.0000 0.0000 0.0000 0.0000 0.0000 0.0000 0.0000 0.1200 0.2700 0.4000 0.5100 0.6000 0.6700 0.7200 0.7500 0.7600 0.7500 1.0253 1.2698 1.4335 1.5163 1.5184 1.4396 1.2800 1.0896 1.0684 1.0963 1.1035 1.0498 0.9353 0.7600 0.8300 0.8800 0.9100 0.9200 0.9100 0.8800 0.8300
0.0000 0.0000 0.0000 0.0000 0.0000 0.0000 0.0000 0.0000 0.0000 0.0100 0.1600 0.2900 0.4000 0.4900 0.5600 0.6100 0.6400 0.6500 0.6400 0.8141 0.9886 1.1022 1.1551 1.1571 1.0784 0.9488 0.9184 1.0171 1.0851 1.0922 1.0386 0.9241 0.8100 0.8800 0.9300 0.9878 0.9700 0.9600 0.9300 0.8800
0.0000 0.0000 0.0000 0.0000 0.0000 0.0000 0.0000 0.0000 0.0000 0.0000 0.0300 0.1600 0.2700 0.3600 0.4300 0.4800 0.5100 0.5200 0.5100 0.5820 0.7565 0.8702 0.9231 0.9151 0.8463 0.8367 0.8163 0.9451 1.0131 1.0202 0.9665 0.8520 0.9233 1.1322 1.2656 1.3233 1.3056 1.2122 1.0433 0.9100
0.0000 0.0000 0.0000 0.0000 0.0000 0.0000 0.0000 0.0000 0.0000 0.0000 0.0000 0.0100 0.1200 0.2100 0.2800 0.3300 0.3600 0.3700 0.3600 0.3300 0.4637 0.5773 0.6302 0.6222 0.6735 0.6939 0.6835 0.8122 0.8802 0.8873 0.8337 0.8989 1.1833 1.3922 1.5256 1.5833 1.5656 1.4722 1.3033 1.0589
0.0000 0.0000 0.0000 0.0000 0.0000 0.0000 0.0000 0.0000 0.0000 0.0000 0.0000 0.0000 0.0000 0.0400 0.1100 0.1600 0.1900 0.2000 0.1900 0.1600 0.1100 0.2237 0.3265 0.4286 0.4898 0.5102 0.4898 0.6186 0.6865 0.6937 0.7233 1.0833 1.3678 1.5767 1.7100 1.7678 1.7500 1.6567 1.4878 1.2433
0.0000 0.0000 0.0000 0.0000 0.0000 0.0000 0.0000 0.0000 0.0000 0.0000 0.0000 0.0000 0.0000 0.0000 0.0000 0.0000 0.0000 0.0100 0.0000 0.0000 0.0000 0.0000 0.1020 0.2041 0.2653 0.2857 0.2653 0.3641 0.4320 0.4800 0.8322 1.1922 1.4767 1.6856 1.8189 1.8767 1.8589 1.7656 1.5967 1.3522
0.0000 0.0000 0.0000 0.0000 0.0000 0.0000 0.0000 0.0000 0.0000 0.0000 0.0000 0.0000 0.0000 0.0000 0.0000 0.0000 0.0000 0.0000 0.0000 0.0000 0.0000 0.0000 0.0000 0.0000 0.0000 0.0204 0.0000 0.1100 0.2800 0.4300 0.8656 1.2256 1.5100 1.7189 1.8522 1.9100 1.8922 1.7989 1.6300 1.3856
0.0000 0.0000 0.0000 0.0000 0.0000 0.0000 0.0000 0.0000 0.0000 0.0000 0.0000 0.0000 0.0000 0.0000 0.0000 0.0000 0.0000 0.0000 0.0000 0.0000 0.0000 0.0000 0.0000 0.0000 0.0000 0.0000 0.0000 0.0400 0.2100 0.3878 0.8233 1.1833 1.4678 1.6767 1.8100 1.8678 1.8500 1.7567 1.5878 1.3433
0.0000 0.0000 0.0000 0.0000 0.0000 0.0000 0.0000 0.0000 0.0000 0.0000 0.0000 0.0000 0.0000 0.0000 0.0000 0.0000 0.0000 0.0000 0.0000 0.0000 0.0000 0.0000 0.0000 0.0000 0.0000 0.0000 0.0000 0.0000 0.1200 0.2700 0.7056 1.0656 1.3500 1.5589 1.6922 1.7500 1.7322 1.6389 1.4700 1.2256
0.0000 0.0000 0.0000 0.0000 0.0000 0.0000 0.0000 0.0000 0.0000 0.0000 0.0000 0.0000 0.0000 0.0000 0.0000 0.0000 0.0000 0.0000 0.0000 0.0000 0.0000 0.0000 0.0000 0.0000 0.0000 0.0000 0.0123 0.0000 0.0100 0.1600 0.5122 0.8722 1.1567 1.3656 1.4989 1.5567 1.5389 1.4456 1.2767 1.0322
0.0000 0.0000 0.0000 0.0000 0.0000 0.0000 0.0000 0.0000 0.0000 0.0000 0.0000 0.0000 0.0278 0.0000 0.0000 0.0000 0.0000 0.0000 0.0000 0.0000 0.0000 0.0000 0.0247 0.1111 0.1728 0.2099 0.2222 0.2099 0.1728 0.1411 0.2680 0.6033 0.8878 1.0967 1.2300 1.2878 1.2700 1.1767 1.0078 0.7633
0.0000 0.0000 0.0000 0.0000 0.0000 0.0000 0.0000 0.0000 0.0000 0.0833 0.2222 0.3056 0.3333 0.3056 0.2222 0.0833 0.0000 0.0000 0.0000 0.0000 0.0000 0.0988 0.2099 0.2963 0.3580 0.3951 0.4074 0.3951 0.3580 0.2963 0.2199 0.3577 0.5433 0.7522 0.8856 0.9433 0.9256 0.8322 0.6633 0.4189
0.0000 0.0000 0.0000 0.0000 0.0000 0.0000 0.0000 0.0000 0.1389 0.3333 0.4722 0.5556 0.5833 0.5556 0.4722 0.3333 0.1389 0.0000 0.0000 0.0000 0.1235 0.2593 0.3704 0.4568 0.5185 0.5556 0.5679 0.5556 0.5185 0.4568 0.3704 0.2593 0.2468 0.3322 0.4656 0.5233 0.5056 0.4122 0.2433 0.1100
0.0000 0.0000 0.0000 0.0000 0.0000 0.0000 0.0000 0.0833 0.3333 0.5278 0.6667 0.7500 0.7778 0.7500 0.6667 0.5278 0.3333 0.0833 0.0000 0.0988 0.2593 0.3951 0.5062 0.5926 0.6543 0.6914 0.7037 0.6914 0.6543 0.5926 0.5062 0.3951 0.2593 0.0988 0.0000 0.0278 0.0100 0.0000 0.0000 0.0000
0.0000 0.0000 0.0000 0.0000 0.0000 0.0000 0.0000 0.2222 0.4722 0.6667 0.8056 0.8889 0.9167 0.8889 0.8056 0.6667 0.4722 0.2222 0.0247 0.2099 0.3704 0.5062 0.6173 0.7037 0.7654 0.8025 0.8148 0.8025 0.7654 0.7037 0.6173 0.5062 0.3704 0.2099 0.0247 0.0000 0.0000 0.0000 0.0000 0.0000
0.0000 0.0000 0.0000 0.0000 0.0000 0.0000 0.0000 0.3056 0.5556 0.7500 0.8889 0.9722 1.0000 0.9722 0.8889 0.7500 0.5556 0.3056 0.1111 0.2963 0.4568 0.5926 0.7037 0.7901 0.8519 0.8889 0.9012 0.8889 0.8519 0.7901 0.7037 0.5926 0.4568 0.2963 0.1111 0.0000 0.0000 0.0000 0.0000 0.0000
0.0000 0.0000 0.0000 0.0000 0.0000 0.0000 0.0278 0.3333 0.5833 0.7778 0.9167 1.0000 1.0278 1.0000 0.9167 0.7778 0.5833 0.3333 0.2006 0.3580 0.5185 0.6543 0.7654 0.8519 0.9136 0.9506 0.9630 0.9506 0.9136 0.8519 0.7654 0.6543 0.5185 0.3580 0.1728 0.0000 0.0000 0.0000 0.0000 0.0000
