0.0000 0.0000 0.0000 0.0000 0.0000 0.0000 0.0000 0.0000 0.0000 0.0000 0.0000 0.0000 0.0000 0.0000 0.0000 0.0000 0.0000 0.0000 0.0000 0.0000 0.0000 0.0000 0.0000 0.0000 0.0000 0.0000 0.0000 0.0000 0.0000 0.0000 0.0000 0.0000 0.0000 0.0000 0.0000 0.0000 0.0000 0.0000 0.0000 0.0000
0.0000 0.0000 0.0000 0.0000 0.0000 0.0000 0.0000 0.0000 0.0000 0.0000 0.0000 0.0000 0.0000 0.0000 0.0000 0.0000 0.0000 0.0000 0.0000 0.0000 0.0000 0.0000 0.0000 0.0000 0.0000 0.0000 0.0000 0.0000 0.0000 0.0000 0.0000 0.0000 0.0000 0.0000 0.0000 0.0000 0.0000 0.0000 0.0000 0.0000
0.0000 0.0000 0.0000 0.0000 0.0000 0.0000 0.0000 0.0000 0.0000 0.0000 0.0000 0.0000 0.0000 0.0000 0.0000 0.0000 0.0000 0.0000 0.0000 0.0000 0.0204 0.0000 0.0000 0.0000 0.0000 0.0000 0.0000 0.0000 0.0000 0.0000 0.0000 0.0000 0.0000 0.0000 0.0000 0.0000 0.0000 0.0000 0.0000 0.0000
0.0000 0.0000 0.0000 0.0000 0.0000 0.0000 0.0000 0.0000 0.0000 0.0000 0.0000 0.0000 0.0156 0.0000 0.0000 0.0000 0.0000 0.1020 0.2041 0.2653 0.2857 0.2653 0.2041 0.1020 0.0000 0.0000 0.0000 0.0000 0.0000 0.0000 0.0000 0.0000 0.0000 0.0000 0.0000 0.0000 0.0000 0.0000 0.0000 0.0000
0.0000 0.0000 0.0000 0.0000 0.0000 0.0000 0.0000 0.0000 0.0000 0.1094 0.1875 0.2344 0.2500 0.2344 0.1875 0.1094 0.1837 0.3422 0.4286 0.4898 0.5102 0.4898 0.4286 0.3265 0.1837 0.0000 0.0000 0.0000 0.0000 0.0000 0.0000 0.0000 0.0000 0.0000 0.0000 0.0000 0.0000 0.0000 0.0000 0.0000
0.0000 0.0000 0.0000 0.0000 0.0000 0.0000 0.0000 0.0625 0.2031 0.3125 0.3906 0.4375 0.4531 0.4375 0.5000 0.6837 0.8048 0.8227 0.8466 0.8610 0.8033 0.6735 0.6122 0.5102 0.3673 0.1837 0.0000 0.0000 0.0000 0.0000 0.0000 0.0000 0.0000 0.0000 0.0000 0.0000 0.0000 0.0000 0.0000 0.0000
0.0000 0.0000 0.0000 0.0000 0.0000 0.0000 0.0625 0.2344 0.3750 0.4844 0.5625 0.6094 0.6875 0.8125 0.9770 1.2015 1.3227 1.3406 1.2551 1.2070 1.1492 1.0195 0.8176 0.6531 0.5102 0.3265 0.1020 0.0000 0.0000 0.0000 0.0000 0.0000 0.0000 0.0000 0.0000 0.0000 0.0000 0.0000 0.0000 0.0000
0.0000 0.0000 0.0000 0.0000 0.0000 0.0000 0.2131 0.3750 0.5156 0.6250 0.7031 0.8125 1.0000 1.1250 1.3916 1.6161 1.7372 1.7551 1.6696 1.4809 1.4232 1.2934 1.0915 0.8176 0.6122 0.4286 0.2041 0.0000 0.0000 0.0000 0.0000 0.0000 0.0000 0.0000 0.0000 0.0000 0.0000 0.0000 0.0000 0.0000
0.0000 0.0000 0.0400 0.1100 0.1600 0.2994 0.5125 0.6744 0.7850 0.8444 0.8525 1.0625 1.2500 1.3750 1.7028 1.9273 2.0485 2.0663 1.9809 1.7921 1.6250 1.4952 1.2934 1.0195 0.6735 0.4898 0.2653 0.0000 0.0000 0.0000 0.0000 0.0000 0.0000 0.0000 0.0000 0.0000 0.0000 0.0000 0.0000 0.0000
0.0100 0.1200 0.2100 0.2800 0.3300 0.5475 0.7606 0.9225 1.0331 1.0925 1.2100 1.3700 1.4475 1.5829 1.9107 2.1352 2.2564 2.2742 2.1888 2.0000 1.7548 1.6250 1.4232 1.1492 0.8033 0.5102 0.2857 0.0204 0.0000 0.0000 0.0000 0.0000 0.0000 0.0000 0.0000 0.0000 0.0000 0.0000 0.0000 0.0000
0.1600 0.2700 0.3600 0.4300 0.4800 0.7444 0.9575 1.1194 1.2300 1.2894 1.4850 1.6450 1.7225 1.7175 2.0153 2.2398 2.3610 2.3788 2.2934 2.1046 1.8125 1.6827 1.4809 1.2070 0.8610 0.4898 0.2653 0.0000 0.0000 0.0000 0.0000 0.0000 0.0000 0.0000 0.0000 0.0000 0.0000 0.0000 0.0000 0.0000
0.2900 0.4000 0.4900 0.5600 0.6256 0.8900 1.1031 1.2650 1.3756 1.4350 1.6775 1.8375 1.9150 1.9100 2.0266 2.2411 2.3622 2.3801 2.2946 2.1059 1.8138 1.6684 1.4665 1.1926 0.8466 0.4286 0.2041 0.0000 0.0000 0.0000 0.0000 0.0000 0.0000 0.0000 0.0000 0.0000 0.0000 0.0000 0.0000 0.0000
0.4000 0.5100 0.6000 0.6700 0.7200 0.9844 1.1975 1.3594 1.4700 1.5450 1.7875 1.9475 2.0250 2.0200 2.0345 2.1390 2.2602 2.2781 2.1926 2.0038 1.7117 1.5820 1.3801 1.1062 0.7602 0.3422 0.1020 0.0000 0.0000 0.0000 0.0000 0.0000 0.0000 0.0000 0.0000 0.0000 0.0000 0.0000 0.0000 0.0000
0.4900 0.6000 0.6900 0.7600 0.8100 1.0275 1.2406 1.4025 1.5131 1.5725 1.8150 1.9750 2.0525 2.0475 1.9600 1.9737 2.0548 2.0727 1.9872 1.7985 1.5533 1.4235 1.2216 0.9477 0.6017 0.1837 0.0000 0.0000 0.0000 0.0000 0.0000 0.0000 0.0000 0.0000 0.0000 0.0000 0.0000 0.0000 0.0000 0.0000
0.5600 0.6700 0.7600 0.8300 0.8800 1.0194 1.2325 1.3944 1.5050 1.5644 1.7600 1.9200 1.9975 1.9925 1.9050 1.7350 1.7462 1.7640 1.6786 1.4898 1.3227 1.1929 0.9911 0.7172 0.3712 0.0000 0.0000 0.0000 0.0000 0.0000 0.0000 0.0000 0.0000 0.0000 0.0000 0.0000 0.0000 0.0000 0.0000 0.0000
0.6100 0.7200 0.8100 0.8800 0.9300 0.9600 1.1731 1.3350 1.4456 1.5050 1.6225 1.7825 1.8600 1.8550 1.7675 1.5975 1.3750 1.3520 1.2666 1.0778 1.0201 0.8903 0.6885 0.4145 0.1094 0.0000 0.0000 0.0000 0.0000 0.0000 0.0000 0.0000 0.0000 0.0000 0.0000 0.0000 0.0000 0.0000 0.0000 0.0000
0.6400 0.7500 0.8400 0.9100 0.9600 0.9900 1.0625 1.2400 1.3350 1.3944 1.4025 1.5625 1.6400 1.6350 1.5475 1.3775 1.1250 1.0000 0.8125 0.7031 0.6454 0.5156 0.3750 0.2031 0.0000 0.0000 0.0000 0.0000 0.0000 0.0000 0.0000 0.0000 0.0000 0.0000 0.0000 0.0000 0.0000 0.0000 0.0000 0.0000
0.6500 0.7600 0.8500 0.9200 1.0794 1.1875 1.2444 1.3125 1.4075 1.4200 1.3500 1.2600 1.3375 1.3325 1.2450 1.0750 0.8225 0.6875 0.6094 0.5625 0.4844 0.3750 0.2344 0.0625 0.0000 0.0000 0.0000 0.0000 0.0000 0.0000 0.0000 0.0000 0.0000 0.0000 0.0000 0.0000 0.0000 0.0000 0.0000 0.0000
0.6400 0.7500 0.9025 1.1131 1.2725 1.3806 1.4375 1.4431 1.3975 1.4100 1.3400 1.1875 1.0150 0.9475 0.8600 0.6900 0.4375 0.4531 0.4375 0.3906 0.3125 0.2031 0.0625 0.0000 0.0000 0.0000 0.0000 0.0000 0.0000 0.0000 0.0000 0.0000 0.0000 0.0000 0.0000 0.0000 0.0000 0.0000 0.0000 0.0000
0.6100 0.7825 1.0444 1.2550 1.4144 1.5225 1.5794 1.5850 1.5394 1.4425 1.2944 1.0950 0.8600 0.5425 0.4394 0.3475 0.2344 0.2500 0.2344 0.1875 0.1094 0.0000 0.0000 0.0000 0.0000 0.0000 0.0000 0.0000 0.0000 0.0000 0.0000 0.0000 0.0000 0.0000 0.0000 0.0000 0.0000 0.0000 0.0000 0.0000
0.5600 0.8731 1.1350 1.3456 1.5050 1.6131 1.6700 1.6756 1.6300 1.5331 1.3850 1.1856 0.9350 0.6331 0.2800 0.1100 0.0000 0.0156 0.0000 0.0000 0.0000 0.0000 0.0000 0.0000 0.0000 0.0000 0.0000 0.0000 0.0000 0.0000 0.0000 0.0000 0.0000 0.0000 0.0000 0.0000 0.0000 0.0000 0.0000 0.0000
0.5994 0.9125 1.1744 1.3850 1.5444 1.6525 1.7094 1.7150 1.6694 1.5725 1.4244 1.2250 0.9744 0.6725 0.3194 0.0400 0.0000 0.0000 0.0000 0.0000 0.0000 0.0000 0.0000 0.0278 0.0000 0.0000 0.0000 0.0000 0.0000 0.0000 0.0000 0.0000 0.0000 0.0000 0.0000 0.0000 0.0000 0.0000 0.0000 0.0000
0.5875 0.9006 1.1625 1.3731 1.5325 1.6406 1.6975 1.7031 1.6575 1.5606 1.4125 1.2131 0.9625 0.6606 0.3075 0.0000 0.0000 0.0000 0.0000 0.0000 0.0833 0.2222 0.3056 0.3333 0.3056 0.2222 0.0833 0.0000 0.0000 0.0000 0.0000 0.0000 0.0000 0.0000 0.0000 0.0000 0.0000 0.0000 0.0000 0.0000
0.5244 0.8375 1.0994 1.3100 1.4694 1.5775 1.6344 1.6400 1.5944 1.4975 1.3494 1.1500 0.8994 0.5975 0.2444 0.0000 0.0000 0.0000 0.0000 0.1389 0.3333 0.4722 0.5556 0.5833 0.5556 0.4722 0.3333 0.1389 0.0000 0.0000 0.0000 0.0000 0.0000 0.0000 0.0000 0.0000 0.0000 0.0000 0.0000 0.0000
0.4100 0.7231 0.9850 1.1956 1.3550 1.4631 1.5200 1.5256 1.4800 1.3831 1.2350 1.0356 0.7850 0.4831 0.2500 0.0156 0.0000 0.0000 0.0833 0.3333 0.5278 0.6667 0.7500 0.7778 0.7500 0.6667 0.5278 0.3333 0.0833 0.0000 0.0000 0.0000 0.0000 0.0000 0.0000 0.0000 0.0000 0.0000 0.0000 0.0000
0.2444 0.5575 0.8194 1.0300 1.1894 1.2975 1.3544 1.3600 1.3144 1.2175 1.0694 0.8700 0.6194 0.4375 0.2344 0.0000 0.0000 0.0000 0.2222 0.4722 0.6667 0.8056 0.8889 0.9167 0.8889 0.8056 0.6667 0.4722 0.2222 0.0000 0.0000 0.0000 0.0000 0.0000 0.0000 0.0000 0.0000 0.0000 0.0000 0.0000
0.1875 0.3906 0.6025 0.8131 0.9725 1.0806 1.1375 1.1431 1.0975 1.0006 0.8525 0.7031 0.5625 0.3906 0.1875 0.0000 0.0000 0.0000 0.3056 0.5556 0.7500 0.8889 0.9722 1.0000 0.9722 0.8889 0.7500 0.5556 0.3056 0.0000 0.0000 0.0000 0.0000 0.0000 0.0000 0.0000 0.0000 0.0000 0.0000 0.0000
0.1094 0.3125 0.4844 0.6250 0.7344 0.8125 0.8694 0.8750 0.8594 0.8125 0.7344 0.6250 0.4844 0.3125 0.1094 0.0000 0.0000 0.0278 0.3333 0.5833 0.7778 0.9167 1.0000 1.0278 1.0000 0.9167 0.7778 0.5833 0.3333 0.0278 0.0000 0.0000 0.0000 0.0000 0.0000 0.0000 0.0000 0.0000 0.0000 0.0000
0.0000 0.2031 0.3750 0.5156 0.6250 0.7031 0.7500 0.7656 0.7500 0.7031 0.6250 0.5156 0.3750 0.2031 0.0000 0.0000 0.0000 0.0000 0.3056 0.5556 0.7500 0.8889 0.9722 1.0000 0.9722 0.8889 0.7500 0.5556 0.3056 0.0000 0.0000 0.0000 0.0000 0.0000 0.0000 0.0000 0.0000 0.0000 0.0000 0.0000
0.0000 0.0625 0.2344 0.3750 0.4844 0.5625 0.6094 0.6250 0.6094 0.5625 0.4844 0.3750 0.2344 0.0625 0.0000 0.0000 0.0000 0.0000 0.2222 0.4722 0.6667 0.8056 0.8889 0.9167 0.8889 0.8056 0.6667 0.4722 0.2222 0.0000 0.0000 0.0000 0.0000 0.0000 0.0000 0.0000 0.0000 0.0000 0.0000 0.0000
0.0000 0.0000 0.0625 0.2031 0.3125 0.3906 0.4375 0.4531 0.4375 0.3906 0.3125 0.2031 0.0625 0.0000 0.0000 0.0000 0.0000 0.0000 0.0833 0.3333 0.5278 0.6667 0.7500 0.7778 0.7500 0.6667 0.5278 0.3333 0.0833 0.0000 0.0000 0.0000 0.0000 0.0000 0.0000 0.0000 0.0000 0.0000 0.0000 0.0000
0.0000 0.0000 0.0000 0.0000 0.1094 0.1875 0.2344 0.2500 0.2344 0.1875 0.1094 0.0000 0.0000 0.0000 0.0000 0.0000 0.0000 0.0000 0.0000 0.1389 0.3537 0.4722 0.5556 0.5833 0.5556 0.4722 0.3333 0.1389 0.0000 0.0000 0.0000 0.0000 0.0000 0.0000 0.0000 0.0000 0.0000 0.0000 0.0000 0.0000
0.0000 0.0000 0.0000 0.0000 0.0000 0.0000 0.0000 0.0156 0.0000 0.0000 0.0000 0.0000 0.0000 0.0000 0.0000 0.0000 0.0000 0.1020 0.2041 0.2653 0.3690 0.4875 0.5096 0.4354 0.3056 0.2222 0.0833 0.0000 0.0000 0.0000 0.0000 0.0000 0.0000 0.0000 0.0156 0.0000 0.0000 0.0000 0.0000 0.0000
0.0000 0.0000 0.0000 0.0000 0.0000 0.0000 0.0000 0.0000 0.0000 0.0000 0.0000 0.0000 0.0000 0.0000 0.0000 0.0000 0.1837 0.3265 0.4286 0.4898 0.5102 0.4898 0.4286 0.3543 0.1837 0.0000 0.0000 0.0000 0.0000 0.0000 0.0000 0.1094 0.1875 0.2344 0.2500 0.2344 0.1975 0.1094 0.0000 0.0000
0.0000 0.0000 0.0000 0.0000 0.0000 0.0000 0.0000 0.0000 0.0000 0.0000 0.0000 0.0000 0.0000 0.0000 0.0000 0.1837 0.3673 0.5102 0.6122 0.6735 0.6939 0.6735 0.6122 0.5102 0.3673 0.1837 0.0000 0.0000 0.0000 0.0625 0.2031 0.3125 0.4306 0.5475 0.6131 0.6275 0.5906 0.5025 0.3631 0.1725
0.0000 0.0000 0.0000 0.0000 0.0000 0.0000 0.0000 0.0000 0.0000 0.0000 0.0000 0.0000 0.0000 0.0000 0.1020 0.3265 0.5102 0.6531 0.7551 0.8163 0.8367 0.8163 0.7551 0.6531 0.5102 0.3265 0.1020 0.0000 0.0625 0.2344 0.3850 0.6044 0.7725 0.8894 0.9550 0.9694 0.9325 0.8444 0.7050 0.5144
0.0000 0.0000 0.0000 0.0000 0.0000 0.0000 0.0000 0.0000 0.0000 0.0000 0.0000 0.0000 0.0000 0.0000 0.2041 0.4286 0.6122 0.7551 0.8571 0.9184 0.9388 0.9184 0.8571 0.7551 0.6122 0.4286 0.2041 0.0000 0.2031 0.4050 0.6756 0.8950 1.0631 1.1800 1.2456 1.2600 1.2231 1.1350 0.9956 0.8050
0.0000 0.0000 0.0000 0.0000 0.0000 0.0000 0.0000 0.0000 0.0000 0.0000 0.0000 0.0000 0.0000 0.0000 0.2653 0.4898 0.6735 0.8163 0.9184 0.9796 1.0000 0.9796 0.9184 0.8163 0.6735 0.4898 0.2653 0.1094 0.3225 0.6444 0.9150 1.1344 1.3025 1.4194 1.4850 1.4994 1.4625 1.3744 1.2350 1.0444
0.0000 0.0000 0.0000 0.0000 0.0000 0.0000 0.0000 0.0000 0.0000 0.0000 0.0000 0.0000 0.0000 0.0204 0.2857 0.5102 0.6939 0.8367 0.9388 1.0000 1.0204 1.0000 0.9388 0.8367 0.6939 0.5102 0.2857 0.2079 0.5106 0.8325 1.1031 1.3225 1.4906 1.6075 1.6731 1.6875 1.6506 1.5625 1.4231 1.2325
0.0000 0.0000 0.0000 0.0000 0.0000 0.0000 0.0000 0.0000 0.0000 0.0000 0.0000 0.0000 0.0000 0.0000 0.2653 0.4898 0.6735 0.8163 0.9184 0.9796 1.0000 0.9796 0.9184 0.8163 0.6735 0.4898 0.2653 0.2744 0.6475 0.9694 1.2400 1.4594 1.6275 1.7444 1.8100 1.8244 1.7875 1.6994 1.5600 1.3694
