0.0000 0.0000 0.0000 0.2222 0.4722 0.6667 0.8056 0.8889 0.9167 0.8889 0.8056 0.6667 0.4722 0.2222 0.0000 0.0000 0.0000 0.0000 0.0000 0.0000 0.0000 0.0000 0.0000 0.0000 0.0000 0.0000 0.0000 0.0000 0.0000 0.0000 0.0000 0.0000 0.0000 0.0000 0.0000 0.0000 0.0000 0.0000 0.0000 0.0000
0.0000 0.0000 0.0000 0.3056 0.5556 0.7500 0.8889 0.9722 1.0000 0.9722 0.8889 0.7500 0.5556 0.3056 0.0000 0.0000 0.0000 0.0000 0.0000 0.0000 0.0000 0.0000 0.0000 0.0000 0.0000 0.0000 0.0000 0.0000 0.0000 0.0000 0.0000 0.0000 0.0000 0.0000 0.0000 0.0000 0.0000 0.0000 0.0000 0.0000
0.0000 0.0000 0.0278 0.3333 0.5833 0.7778 0.9167 1.0000 1.0278 1.0000 0.9167 0.7778 0.5833 0.3333 0.0278 0.0000 0.0000 0.0000 0.0000 0.0000 0.0000 0.0000 0.0000 0.0000 0.0000 0.0000 0.0000 0.0000 0.0000 0.0000 0.0000 0.0000 0.0000 0.0000 0.0000 0.0000 0.0000 0.0000 0.0000 0.0000
0.0000 0.0000 0.0000 0.3056 0.5556 0.7500 0.8889 0.9722 1.0000 0.9722 0.8889 0.7500 0.5556 0.3056 0.0000 0.0000 0.0000 0.0000 0.0000 0.0000 0.0000 0.0000 0.0000 0.0000 0.0000 0.0000 0.0000 0.0000 0.0000 0.0000 0.0000 0.0000 0.0000 0.0000 0.0000 0.0000 0.0000 0.0000 0.0000 0.0000
0.0000 0.0000 0.0000 0.2222 0.4722 0.6667 0.8056 0.8889 0.9167 0.8889 0.8056 0.6667 0.4722 0.2222 0.0000 0.0000 0.0000 0.0000 0.0000 0.0000 0.0000 0.0000 0.0000 0.0000 0.0000 0.0000 0.0000 0.0000 0.0000 0.0000 0.0000 0.0000 0.0000 0.0000 0.0000 0.0000 0.0000 0.0000 0.0000 0.0000
0.0000 0.0000 0.0000 0.0833 0.3333 0.5278 0.6667 0.7500 0.7778 0.7500 0.6667 0.5278 0.3333 0.0833 0.0000 0.0000 0.0000 0.0000 0.0000 0.0000 0.0000 0.0000 0.0000 0.0000 0.0000 0.0000 0.0000 0.0000 0.0000 0.0000 0.0000 0.0000 0.0000 0.0000 0.0000 0.0000 0.0000 0.0000 0.0000 0.0000
0.0000 0.0000 0.0000 0.0000 0.1389 0.3333 0.4722 0.5556 0.5833 0.5556 0.4722 0.3333 0.1389 0.0000 0.0000 0.0000 0.0000 0.0000 0.0000 0.0000 0.0000 0.0000 0.0000 0.0000 0.0000 0.0000 0.0000 0.0000 0.0000 0.0000 0.0000 0.0000 0.0000 0.0000 0.0000 0.0000 0.0000 0.0000 0.0000 0.0000
0.0000 0.0000 0.0000 0.0000 0.0000 0.0833 0.2222 0.3056 0.3333 0.3156 0.2222 0.0833 0.0000 0.0000 0.0000 0.0000 0.0000 0.0000 0.0000 0.0000 0.0000 0.0000 0.0000 0.0000 0.0000 0.0000 0.0000 0.0000 0.0000 0.0000 0.0000 0.0000 0.0000 0.0000 0.0000 0.0000 0.0000 0.0000 0.0000 0.0000
0.0000 0.0000 0.0000 0.0000 0.0000 0.0400 0.1100 0.1600 0.2178 0.2000 0.1900 0.1600 0.1100 0.0400 0.0000 0.0000 0.0000 0.0000 0.0000 0.0000 0.0000 0.0000 0.0000 0.0000 0.0000 0.0000 0.0000 0.0000 0.0000 0.0000 0.0000 0.0000 0.0000 0.0000 0.0000 0.0000 0.0000 0.0000 0.0000 0.0000
0.0000 0.0000 0.0000 0.0100 0.1200 0.2100 0.2800 0.3300 0.3600 0.3700 0.3600 0.3300 0.2800 0.2100 0.1200 0.0100 0.0000 0.0000 0.0000 0.0000 0.0000 0.0000 0.0000 0.0000 0.0000 0.0000 0.0000 0.0000 0.0000 0.0000 0.0000 0.0000 0.0000 0.0000 0.0000 0.0000 0.0000 0.0000 0.0000 0.0000
0.0000 0.0000 0.0300 0.1600 0.2700 0.3600 0.4300 0.4800 0.5100 0.5200 0.5100 0.4800 0.4300 0.3600 0.2700 0.1600 0.0300 0.0000 0.0000 0.0000 0.0000 0.0000 0.0000 0.0000 0.0000 0.0000 0.0000 0.0000 0.0156 0.0000 0.0000 0.0000 0.0000 0.0000 0.0000 0.0000 0.0000 0.0000 0.0000 0.0000
0.0000 0.0100 0.1600 0.2900 0.4000 0.4900 0.5600 0.6100 0.6400 0.6500 0.6400 0.6100 0.5600 0.4900 0.4000 0.2900 0.1600 0.0100 0.0000 0.0000 0.0000 0.0000 0.0000 0.0000 0.0000 0.1094 0.1875 0.2344 0.2500 0.2344 0.1875 0.1094 0.0000 0.0000 0.0000 0.0000 0.0000 0.0000 0.0000 0.0000
0.0000 0.1200 0.2700 0.4000 0.5100 0.6000 0.6700 0.7200 0.7500 0.7600 0.7500 0.7200 0.6700 0.6000 0.5100 0.4000 0.2700 0.1200 0.0000 0.0000 0.0000 0.0000 0.0000 0.0625 0.2031 0.3125 0.3906 0.4375 0.4531 0.4375 0.3906 0.3125 0.2031 0.0625 0.0000 0.0000 0.0000 0.0000 0.0000 0.0000
0.0400 0.2100 0.3600 0.4900 0.6000 0.6900 0.7600 0.8100 0.8400 0.8500 0.8400 0.8100 0.7600 0.6900 0.6000 0.4900 0.3600 0.2100 0.0400 0.0000 0.0000 0.0000 0.0625 0.2344 0.3750 0.4844 0.5625 0.6094 0.6250 0.6094 0.5781 0.4844 0.3750 0.2344 0.0625 0.0000 0.0000 0.0000 0.0000 0.0000
0.1100 0.2800 0.4300 0.5600 0.6700 0.7600 0.8300 0.8800 0.9100 0.9200 0.9100 0.8800 0.8300 0.7600 0.6700 0.5600 0.4300 0.2800 0.1100 0.0000 0.0000 0.0000 0.2031 0.3750 0.5156 0.6250 0.7031 0.8594 0.9531 0.9844 0.9531 0.8594 0.7031 0.4844 0.2031 0.0000 0.0000 0.0000 0.0000 0.0000
0.1600 0.3300 0.4800 0.6100 0.7200 0.8100 0.8800 0.9300 0.9600 0.9700 0.9600 0.9300 0.8800 0.8100 0.7200 0.6100 0.4800 0.3300 0.1600 0.0000 0.0000 0.1094 0.3125 0.4844 0.6250 0.7969 1.0156 1.1719 1.2656 1.2969 1.2656 1.1719 1.0156 0.7969 0.5156 0.1719 0.0000 0.0000 0.0000 0.0000
0.1900 0.3600 0.5100 0.6400 0.7500 0.8400 0.9100 0.9600 0.9900 1.0000 0.9900 0.9600 0.9100 0.8400 0.7500 0.6400 0.5100 0.4000 0.1900 0.0000 0.0000 0.1875 0.3906 0.5625 0.7656 1.0469 1.2656 1.4219 1.5156 1.5469 1.5156 1.4219 1.2934 1.0469 0.7656 0.4219 0.0625 0.0000 0.0000 0.0000
0.2000 0.3700 0.5200 0.6500 0.7600 0.8500 0.9200 0.9700 1.0000 1.0100 1.0000 0.9700 0.9200 0.8500 0.8000 0.8900 0.8800 0.7700 0.5600 0.2500 0.0400 0.2344 0.4375 0.6094 0.9531 1.2344 1.4531 1.6094 1.7031 1.8177 1.9253 1.9149 1.7865 1.5399 1.1753 0.6927 0.2031 0.0000 0.0000 0.0000
0.1900 0.3600 0.5100 0.6400 0.7500 0.8400 0.9100 0.9600 0.9900 1.0000 0.9900 0.9600 0.9100 0.8800 1.0700 1.1600 1.1500 1.0400 0.8300 0.5200 0.3356 0.2900 0.4531 0.7344 1.0781 1.3594 1.5781 1.7344 1.9670 2.1927 2.3003 2.2899 2.1615 1.9149 1.5503 1.0677 0.4670 0.1094 0.0000 0.0000
0.1600 0.3300 0.4800 0.6100 0.7200 0.8100 0.8800 0.9300 0.9600 0.9700 0.9600 0.9300 0.8800 1.0500 1.2400 1.3300 1.3200 1.2100 1.0000 0.7200 0.5200 0.4744 0.4375 0.7969 1.1406 1.4219 1.6406 1.8802 2.2240 2.4497 2.5573 2.5469 2.4184 2.1719 1.8073 1.3247 0.7240 0.2708 0.0000 0.0000
0.1100 0.2800 0.4300 0.5600 0.6700 0.7600 0.8300 0.8800 0.9100 0.9200 0.9100 0.8800 0.8300 1.1200 1.3100 1.4000 1.3900 1.2800 1.0700 0.8400 0.6400 0.5475 0.3906 0.7969 1.1406 1.4219 1.6406 2.0191 2.3628 2.5885 2.6962 2.6858 2.5573 2.3108 1.9462 1.4635 0.9097 0.4566 0.0000 0.0000
0.0400 0.2100 0.3600 0.4900 0.6000 0.6900 0.7600 0.8100 0.8400 0.8500 0.8400 0.8100 0.8000 1.0900 1.2800 1.3700 1.3600 1.2500 1.0400 0.8800 0.6800 0.5094 0.3681 0.7344 1.0781 1.3594 1.5781 2.0399 2.3837 2.6094 2.7170 2.7066 2.5781 2.3316 1.9670 1.4844 1.0087 0.5556 0.0156 0.0000
0.0000 0.1200 0.2700 0.4000 0.5100 0.6000 0.6700 0.7200 0.7500 0.7600 0.7500 0.7200 0.6700 0.9600 1.1500 1.2400 1.2300 1.1200 0.9600 0.8400 0.6400 0.3600 0.2031 0.6094 0.9531 1.2344 1.4809 1.9427 2.2865 2.5122 2.6198 2.6094 2.4809 2.2344 1.8698 1.3872 1.0208 0.5677 0.0278 0.0000
0.0000 0.0100 0.1600 0.2900 0.4000 0.4900 0.5600 0.6100 0.6400 0.6500 0.6400 0.6100 0.5600 0.7300 0.9200 1.0100 1.0000 0.8900 0.8400 0.7200 0.5200 0.2400 0.0748 0.4497 0.7656 1.0469 1.2656 1.7274 2.0712 2.2969 2.4045 2.3941 2.2656 2.0191 1.6545 1.3125 0.9462 0.4931 0.0000 0.0000
0.0000 0.0000 0.0300 0.1600 0.2700 0.3600 0.4300 0.4800 0.5100 0.5200 0.5100 0.4800 0.4300 0.4000 0.5900 0.6800 0.6700 0.6800 0.6647 0.6311 0.5762 0.4721 0.5278 0.7151 0.9940 1.1302 1.1236 1.3941 1.7378 1.9635 2.0712 2.0608 1.9323 1.6858 1.4306 1.1510 0.7847 0.3316 0.0000 0.0000
0.0000 0.0000 0.0000 0.0100 0.1200 0.2100 0.2800 0.3300 0.3600 0.3800 0.3600 0.3300 0.2800 0.2100 0.1600 0.2500 0.3600 0.4988 0.5699 0.6752 0.7314 0.8673 0.9630 0.9784 1.1167 1.2529 1.2463 1.1804 1.2865 1.5122 1.6198 1.6094 1.4809 1.3750 1.1823 0.9028 0.5365 0.0833 0.0000 0.0000
0.0000 0.0000 0.0000 0.0000 0.0000 0.0800 0.2200 0.3200 0.3800 0.4000 0.3800 0.3200 0.2200 0.0800 0.0000 0.0000 0.1235 0.2993 0.4537 0.7901 1.0463 1.2222 1.3179 1.3333 1.3310 1.3578 1.2731 1.0770 0.9238 0.9427 1.0972 1.1649 1.1458 1.0399 0.8472 0.5677 0.2014 0.0000 0.0000 0.0000
0.0000 0.0000 0.0000 0.0100 0.1200 0.2100 0.2800 0.3300 0.3600 0.3800 0.3600 0.3300 0.2800 0.2100 0.1200 0.1088 0.2593 0.3951 0.7284 1.0648 1.3210 1.4969 1.5926 1.6080 1.5432 1.4606 1.3760 1.1798 0.8721 0.6196 0.6753 0.7431 0.7240 0.6181 0.4253 0.1458 0.0000 0.0000 0.0000 0.0000
0.0000 0.0000 0.0300 0.1600 0.2700 0.3600 0.4300 0.4800 0.5100 0.5200 0.5100 0.4800 0.4300 0.3600 0.2947 0.3699 0.4004 0.5062 0.9228 1.2593 1.5154 1.6914 1.7870 1.8025 1.7377 1.5926 1.3673 1.1711 0.8634 0.4443 0.2747 0.2344 0.2153 0.1094 0.0000 0.0000 0.0000 0.0000 0.0000 0.0000
0.0000 0.0100 0.1600 0.2900 0.4000 0.4900 0.5600 0.6100 0.6400 0.6500 0.6400 0.6100 0.5600 0.4900 0.5111 0.5863 0.6168 0.6304 1.0370 1.3735 1.6296 1.8056 1.9012 1.9167 1.8519 1.7068 1.4815 1.1759 0.7901 0.3241 0.1267 0.0000 0.0000 0.0000 0.0000 0.0000 0.0000 0.0000 0.0000 0.0000
0.0000 0.1200 0.2700 0.4000 0.5100 0.6000 0.6700 0.7200 0.7500 0.7600 0.7500 0.7200 0.6700 0.6000 0.6828 0.7580 0.7885 0.7743 1.0710 1.4074 1.6636 1.8395 1.9352 1.9506 1.8858 1.7407 1.5154 1.2099 0.8241 0.3580 0.1728 0.0000 0.0000 0.0000 0.0000 0.0000 0.0000 0.0000 0.0000 0.0000
0.0400 0.2100 0.3600 0.4900 0.6000 0.6900 0.7600 0.8100 0.8400 0.8500 0.8400 0.8100 0.7600 0.6900 0.8099 0.8851 0.9156 0.9014 1.0647 1.3611 1.6173 1.7932 1.8889 1.9043 1.8395 1.6944 1.4691 1.1636 0.7778 0.3951 0.2099 0.0000 0.0000 0.0000 0.0000 0.0000 0.0000 0.0000 0.0000 0.0000
0.1100 0.2800 0.4300 0.5600 0.6700 0.7600 0.8300 0.8800 0.9100 0.9200 0.9100 0.8800 0.8300 0.7723 0.8922 0.9674 0.9979 0.9837 1.0081 1.2346 1.4907 1.6667 1.7623 1.7778 1.7130 1.5679 1.3426 1.0370 0.6512 0.4074 0.2222 0.0123 0.0000 0.0000 0.0000 0.0000 0.0000 0.0000 0.0000 0.0000
0.1600 0.3300 0.4800 0.6100 0.7200 0.8100 0.8800 0.9300 0.9600 0.9700 0.9600 0.9300 0.8800 0.8100 0.9299 1.0051 1.0356 1.0214 0.9625 1.0278 1.2840 1.4599 1.5556 1.5710 1.5062 1.3611 1.1358 0.8302 0.5556 0.3951 0.2099 0.0000 0.0000 0.0000 0.0000 0.0000 0.0000 0.0000 0.0000 0.0000
0.1900 0.3600 0.5100 0.6400 0.7500 0.8400 0.9100 0.9600 0.9900 1.0000 0.9900 0.9600 0.9100 0.8400 0.9228 0.9980 1.0285 1.0143 0.9554 0.8519 0.9969 1.1728 1.2685 1.2840 1.2191 1.0741 0.8488 0.6543 0.5185 0.3580 0.1728 0.0000 0.0000 0.0000 0.0000 0.0000 0.0000 0.0000 0.0000 0.0000
0.2000 0.3700 0.5200 0.6500 0.7600 0.8500 0.9200 0.9700 1.0000 1.0100 1.0000 0.9700 0.9200 0.8500 0.8711 0.9463 0.9768 0.9626 0.9037 0.8001 0.8519 0.8889 0.9012 0.9167 0.8519 0.7901 0.7037 0.5926 0.4568 0.2963 0.1111 0.0000 0.0000 0.0000 0.0000 0.0000 0.0000 0.0000 0.0000 0.0000
0.1900 0.3600 0.5100 0.6400 0.7500 0.8400 0.9100 0.9600 0.9900 1.0000 0.9900 0.9600 0.9100 0.8400 0.7747 0.8499 0.8804 0.8662 0.8073 0.7037 0.7654 0.8025 0.8148 0.8025 0.7654 0.7037 0.6173 0.5062 0.3704 0.2099 0.0247 0.0000 0.0000 0.0000 0.0000 0.0000 0.0000 0.0000 0.0000 0.0000
0.1600 0.3300 0.4800 0.6100 0.7200 0.8100 0.8800 0.9300 0.9600 0.9700 0.9600 0.9300 0.8800 0.8100 0.7200 0.7088 0.7393 0.7251 0.6662 0.5926 0.6543 0.6914 0.7037 0.6914 0.6543 0.5926 0.5062 0.3951 0.2593 0.0988 0.0000 0.0000 0.0000 0.0000 0.0000 0.0000 0.0000 0.0000 0.0000 0.0000
0.1100 0.2800 0.4300 0.5600 0.6700 0.7600 0.8300 0.8800 0.9100 0.9200 0.9100 0.8800 0.8300 0.7600 0.6700 0.5600 0.5535 0.5393 0.4804 0.4568 0.5185 0.5556 0.5679 0.5556 0.5185 0.4568 0.3704 0.2593 0.1235 0.0000 0.0000 0.0000 0.0000 0.0000 0.0000 0.0000 0.0000 0.0000 0.0000 0.0000
0.0400 0.2100 0.3600 0.4900 0.6000 0.6900 0.7600 0.8100 0.8400 0.8500 0.8400 0.8100 0.7600 0.6900 0.6000 0.4900 0.3600 0.3088 0.2499 0.2963 0.3580 0.3951 0.4074 0.3951 0.3580 0.2963 0.2099 0.0988 0.0000 0.0000 0.0000 0.0000 0.0000 0.0000 0.0000 0.0000 0.0000 0.0000 0.0000 0.0000
