0.0000 0.0000 0.0000 0.0000 0.0000 0.0000 0.0000 0.0000 0.0000 0.0000 0.0000 0.0000 0.0000 0.0000 0.0000 0.0000 0.0000 0.0000 0.0000 0.0000 0.0000 0.0000 0.0000 0.0000 0.0000 0.0000 0.0000 0.0000 0.0000 0.0000 0.0000 0.0000 0.0000 0.0000 0.0000 0.0000 0.0000 0.0000 0.0000 0.0000
0.0000 0.0000 0.0000 0.0000 0.0000 0.0000 0.0000 0.0000 0.0000 0.0000 0.0000 0.0000 0.0000 0.0000 0.0000 0.0000 0.0000 0.0000 0.0000 0.0000 0.0000 0.0000 0.0000 0.0000 0.0000 0.0000 0.0000 0.0000 0.0000 0.0000 0.0000 0.0000 0.0000 0.0000 0.0000 0.0000 0.0000 0.0000 0.0000 0.0000
0.0000 0.0000 0.0000 0.0000 0.0000 0.0000 0.0000 0.0000 0.0000 0.0000 0.0000 0.0000 0.0400 0.0000 0.0000 0.0000 0.0000 0.0000 0.0000 0.0000 0.0000 0.0000 0.0000 0.0000 0.0000 0.0000 0.0000 0.0000 0.0000 0.0000 0.0000 0.0000 0.0000 0.0000 0.0000 0.0000 0.0000 0.0000 0.0000 0.0000
0.0000 0.0000 0.0000 0.0000 0.0000 0.0000 0.0000 0.0000 0.0000 0.0400 0.2400 0.3600 0.4000 0.3600 0.2400 0.0400 0.0000 0.0000 0.0000 0.0000 0.0000 0.0000 0.0000 0.0000 0.0000 0.0000 0.0000 0.0000 0.0000 0.0000 0.0000 0.0000 0.0000 0.0000 0.0000 0.0000 0.0000 0.0000 0.0000 0.0000
0.0000 0.0000 0.0000 0.0000 0.0000 0.0000 0.0000 0.0000 0.0400 0.3200 0.5200 0.6400 0.6800 0.6400 0.5200 0.3200 0.0400 0.0000 0.0000 0.0000 0.0000 0.0000 0.0000 0.0000 0.0000 0.0000 0.0000 0.0000 0.0000 0.0000 0.0000 0.0000 0.0000 0.0000 0.0000 0.0000 0.0000 0.0000 0.0000 0.0000
0.0000 0.0000 0.0000 0.0000 0.0000 0.0000 0.0000 0.0000 0.2400 0.5200 0.7200 0.8400 0.8800 0.8400 0.7200 0.5200 0.2400 0.0000 0.0000 0.0000 0.0000 0.0000 0.0000 0.0000 0.0000 0.0000 0.0000 0.0000 0.0000 0.0000 0.0000 0.0000 0.0000 0.0000 0.0000 0.0000 0.0000 0.0000 0.0000 0.0000
0.0000 0.0000 0.0000 0.0000 0.0000 0.0000 0.0000 0.0000 0.3600 0.6400 0.8400 0.9600 1.0000 0.9600 0.8400 0.6400 0.3600 0.0000 0.0000 0.0100 0.0000 0.0000 0.0000 0.0000 0.0000 0.0000 0.0000 0.0000 0.0000 0.0000 0.0000 0.0000 0.0000 0.0000 0.0000 0.0000 0.0000 0.0000 0.0000 0.0000
0.0000 0.0000 0.0000 0.0000 0.0000 0.0000 0.0000 0.0400 0.4000 0.6800 0.8800 1.0000 1.0400 1.0000 0.8800 0.7200 0.5100 0.2000 0.1900 0.2000 0.1900 0.1600 0.1100 0.0400 0.0000 0.0000 0.0000 0.0000 0.0000 0.0000 0.0000 0.0000 0.0000 0.0000 0.0000 0.0000 0.0000 0.0000 0.0000 0.0000
0.0000 0.0000 0.0000 0.0000 0.0000 0.0000 0.0000 0.0000 0.3600 0.6400 0.8400 0.9600 1.0000 0.9700 0.9600 0.8500 0.6400 0.3300 0.3600 0.3700 0.3600 0.3300 0.2800 0.2100 0.1200 0.0100 0.0000 0.0000 0.0000 0.0000 0.0000 0.0000 0.0000 0.0000 0.0000 0.0000 0.0000 0.0000 0.0000 0.0000
0.0000 0.0000 0.0000 0.0000 0.0000 0.0000 0.0000 0.0000 0.2400 0.5200 0.7200 0.8400 0.9100 1.0000 0.9900 0.8800 0.6700 0.4800 0.5100 0.5200 0.5100 0.4800 0.4300 0.3600 0.2700 0.1600 0.0300 0.0000 0.0000 0.0000 0.0000 0.0000 0.0000 0.0000 0.0000 0.0000 0.0000 0.0000 0.0000 0.0000
0.0000 0.0000 0.0000 0.0000 0.0000 0.0000 0.0000 0.0000 0.0400 0.3200 0.5200 0.6500 0.8400 0.9300 0.9200 0.8100 0.6000 0.6100 0.6400 0.6500 0.6400 0.6100 0.5600 0.4900 0.4000 0.2900 0.1600 0.0100 0.0000 0.0000 0.0000 0.0000 0.0000 0.0000 0.0000 0.0000 0.0000 0.0000 0.0000 0.0000
0.0000 0.0000 0.0000 0.0000 0.0000 0.0000 0.0000 0.0000 0.0000 0.0400 0.2400 0.4800 0.6700 0.7600 0.7500 0.6400 0.6700 0.7200 0.7500 0.7600 0.7500 0.7200 0.6700 0.6000 0.5100 0.4000 0.2700 0.1200 0.0000 0.0000 0.0000 0.0000 0.0000 0.0000 0.0000 0.0000 0.0000 0.0000 0.0000 0.0000
0.0000 0.0000 0.0000 0.0000 0.0000 0.0000 0.0123 0.0000 0.0000 0.0000 0.0400 0.2100 0.4000 0.4900 0.6000 0.6900 0.7600 0.8100 0.8400 0.8500 0.8400 0.8100 0.7600 0.6900 0.6000 0.4900 0.3600 0.2100 0.0400 0.0000 0.0000 0.0000 0.0000 0.0000 0.0000 0.0000 0.0000 0.0000 0.0000 0.0000
0.0000 0.0000 0.0247 0.1111 0.1728 0.2099 0.2222 0.2099 0.1728 0.1111 0.1347 0.2800 0.4300 0.5600 0.7100 0.7600 0.8300 0.8800 0.9100 0.9200 0.9100 0.8800 0.8456 0.7600 0.6700 0.5600 0.4300 0.2800 0.1100 0.0000 0.0000 0.0000 0.0000 0.0000 0.0000 0.0000 0.0000 0.0000 0.0000 0.0000
0.0000 0.0988 0.2099 0.2963 0.3580 0.3951 0.4074 0.3951 0.3580 0.2963 0.3699 0.4688 0.7200 0.9700 1.1200 1.1700 1.1200 0.9700 0.9600 1.0794 1.1475 1.1644 1.1300 1.0444 0.9075 0.7194 0.4800 0.3300 0.1600 0.0000 0.0000 0.0000 0.0000 0.0000 0.0000 0.0000 0.0000 0.0000 0.0000 0.0000
0.1235 0.2593 0.3704 0.4568 0.5185 0.5556 0.5679 0.5556 0.5185 0.4568 0.6004 0.9393 1.1535 1.2800 1.4300 1.4800 1.4300 1.3425 1.2331 1.3125 1.3806 1.3975 1.3631 1.2775 1.1406 0.9525 0.7131 0.4225 0.1900 0.0000 0.0000 0.0000 0.0000 0.0000 0.0000 0.0000 0.0000 0.0000 0.0000 0.0000
0.2593 0.3951 0.5062 0.5926 0.6543 0.6914 0.7037 0.6914 0.6543 0.6026 0.9462 1.2851 1.4993 1.5888 1.6400 1.6900 1.7025 1.7244 1.6150 1.4944 1.5625 1.5794 1.5450 1.4594 1.3225 1.1344 0.8950 0.6044 0.2625 0.0100 0.0000 0.0000 0.0000 0.0000 0.0000 0.0000 0.0000 0.0000 0.0000 0.0000
0.3704 0.5062 0.6173 0.7037 0.7654 0.8025 0.8148 0.8025 0.7654 0.7037 1.1673 1.5062 1.7204 1.8099 1.7747 1.8000 1.9531 1.9750 1.8656 1.6250 1.6931 1.7100 1.6756 1.5900 1.4531 1.2650 1.0256 0.7350 0.3931 0.0000 0.0000 0.0000 0.0000 0.0000 0.0000 0.0000 0.0000 0.0000 0.0000 0.0000
0.4568 0.5926 0.7037 0.7901 0.8519 0.8889 0.9012 0.8889 0.8519 0.8301 1.2637 1.6026 1.8168 1.9063 1.8711 1.9194 2.0725 2.0944 1.9850 1.7444 1.7725 1.7894 1.7550 1.6817 1.5325 1.3444 1.1050 0.8144 0.4725 0.1094 0.0000 0.0000 0.0000 0.0000 0.0000 0.0000 0.0000 0.0000 0.0000 0.0000
0.5185 0.6543 0.7654 0.8519 0.9136 0.9506 0.9630 0.9506 0.9136 0.8519 1.2354 1.5743 1.7885 1.8780 1.8428 1.9075 2.0606 2.0825 1.9731 1.7572 1.9117 1.9903 1.9930 1.9197 1.7705 1.5453 1.2442 0.8672 0.5006 0.1875 0.0000 0.0000 0.0000 0.0000 0.0000 0.0000 0.0000 0.0000 0.0000 0.0000
0.5556 0.6914 0.8025 0.8889 0.9506 0.9877 1.0000 0.9877 0.9506 0.8889 1.0825 1.4214 1.6356 1.7251 1.6899 1.7644 1.9175 1.9394 1.9288 1.9193 2.0738 2.1524 2.1551 2.0818 1.9326 1.7074 1.4063 1.0293 0.5763 0.2344 0.0000 0.0000 0.0000 0.0000 0.0000 0.0000 0.0000 0.0000 0.0000 0.0000
0.5679 0.7037 0.8148 0.9012 0.9630 1.0000 1.0000 1.0000 0.9630 0.9012 0.8548 1.1437 1.3579 1.4474 1.4278 1.5023 1.6431 1.7885 1.8149 2.0054 2.1599 2.2385 2.2412 2.1679 2.0187 1.7935 1.4924 1.1154 0.7124 0.3735 0.0156 0.0000 0.0000 0.0000 0.0000 0.0000 0.0000 0.0000 0.0000 0.0000
0.5556 0.6914 0.8025 0.8889 0.9506 0.9877 1.0000 0.9877 0.9506 0.8889 0.8025 0.7414 0.9556 1.0451 1.0099 1.0844 1.3363 1.5186 1.7851 2.0155 2.1701 2.2487 2.2514 2.1781 2.0289 1.8160 1.5026 1.1255 0.8326 0.4936 0.0988 0.0000 0.0000 0.0000 0.0000 0.0000 0.0000 0.0000 0.0000 0.0000
0.5185 0.6543 0.7654 0.8519 0.9136 0.9506 0.9630 0.9506 0.9136 0.8519 0.7654 0.6543 0.5485 0.5180 0.4828 0.5722 1.0305 1.4129 1.7193 1.9498 2.1043 2.2076 2.2967 2.2852 2.1730 1.9602 1.6467 1.3526 1.0079 0.5826 0.2099 0.0247 0.0000 0.0000 0.0000 0.0000 0.0000 0.0000 0.0000 0.0000
0.4568 0.5926 0.7037 0.7901 0.8519 0.8889 0.9012 0.8889 0.8519 0.7901 0.7037 0.5926 0.4568 0.3063 0.2311 0.4305 0.8888 1.2712 1.5776 1.8081 2.0614 2.2511 2.3402 2.3286 2.2165 2.0036 1.8102 1.5461 1.2014 0.7760 0.3951 0.1111 0.0000 0.0000 0.0000 0.0000 0.0000 0.0000 0.0000 0.0000
0.3704 0.5062 0.6173 0.7037 0.7654 0.8025 0.8148 0.8025 0.7654 0.7037 0.6173 0.5062 0.3704 0.2099 0.0247 0.2128 0.6711 1.0535 1.3599 1.7139 2.0042 2.1940 2.2830 2.2715 2.2093 2.1065 1.9230 1.6590 1.3142 0.8889 0.6173 0.2963 0.0000 0.0000 0.0000 0.0000 0.0000 0.0000 0.0000 0.0000
0.2593 0.3951 0.5062 0.5926 0.6543 0.6914 0.7037 0.6914 0.6543 0.5926 0.5062 0.3951 0.2593 0.0988 0.0000 0.2099 0.4576 0.7899 1.1651 1.5561 1.8465 2.0662 2.2052 2.2637 2.2415 2.1387 1.9552 1.6912 1.3465 1.0617 0.7901 0.4691 0.0988 0.0000 0.0000 0.0000 0.0000 0.0000 0.0000 0.0000
0.1235 0.2593 0.3704 0.4568 0.5185 0.5556 0.5679 0.5556 0.5185 0.4568 0.3704 0.2593 0.1235 0.0000 0.0123 0.2222 0.4074 0.6551 1.1167 1.4977 1.7980 2.0177 2.1568 2.2153 2.1931 2.0903 1.9068 1.6427 1.4074 1.1852 0.9136 0.5926 0.2222 0.0247 0.0000 0.0000 0.0000 0.0000 0.0000 0.0000
0.0000 0.0988 0.2099 0.2963 0.3580 0.4107 0.4074 0.3951 0.3580 0.2963 0.2099 0.0988 0.0000 0.0000 0.0000 0.2099 0.3951 0.6667 0.9877 1.3686 1.6690 1.8887 2.0278 2.0862 2.0640 1.9612 1.7778 1.6543 1.4815 1.2593 0.9877 0.6667 0.2963 0.1111 0.0000 0.0000 0.0000 0.0000 0.0000 0.0000
0.0000 0.0000 0.1341 0.2986 0.4072 0.4599 0.4566 0.3974 0.2822 0.1111 0.0247 0.0000 0.0000 0.0000 0.0000 0.1728 0.3580 0.6914 1.0123 1.2840 1.5062 1.6790 1.8181 1.8765 1.9012 1.8765 1.8025 1.6790 1.5062 1.2840 1.0123 0.6914 0.3580 0.1728 0.0000 0.0000 0.0000 0.0000 0.0000 0.0000
0.0625 0.2031 0.3125 0.3906 0.4375 0.4531 0.4498 0.3906 0.3125 0.2031 0.0625 0.0000 0.0000 0.0000 0.0000 0.1111 0.2963 0.6667 0.9877 1.2593 1.4815 1.6543 1.7778 1.8519 1.8765 1.8519 1.7778 1.6543 1.4815 1.2593 0.9877 0.6667 0.3951 0.2099 0.0000 0.0000 0.0000 0.0000 0.0000 0.0000
0.2344 0.3750 0.4844 0.5625 0.6094 0.6250 0.6094 0.5625 0.4844 0.3750 0.2344 0.0625 0.0000 0.0000 0.0000 0.0247 0.2222 0.5926 0.9136 1.1852 1.4074 1.5959 1.7037 1.7778 1.8025 1.7778 1.7037 1.5802 1.4074 1.1852 0.9136 0.5926 0.4074 0.2222 0.0123 0.0000 0.0000 0.0000 0.0000 0.0000
0.3750 0.5156 0.6250 0.7031 0.7500 0.7656 0.7500 0.7031 0.6250 0.5156 0.3750 0.2031 0.0000 0.0000 0.0000 0.0000 0.0988 0.4691 0.8995 1.2492 1.5183 1.7068 1.8146 1.8418 1.7884 1.6543 1.5802 1.4568 1.2840 1.0617 0.7901 0.5556 0.3951 0.2099 0.0000 0.0000 0.0000 0.0000 0.0000 0.0000
0.4844 0.6250 0.7344 0.8125 0.8594 0.8750 0.8594 0.8125 0.7344 0.6250 0.4844 0.3125 0.1094 0.0000 0.0000 0.0000 0.0625 0.4994 0.9298 1.2795 1.5486 1.7371 1.8449 1.8721 1.8187 1.6846 1.4699 1.2840 1.1111 0.8889 0.6543 0.5185 0.3580 0.1728 0.0000 0.0000 0.0000 0.0000 0.0000 0.0000
0.5625 0.7031 0.8125 0.8906 0.9375 0.9531 0.9375 0.8906 0.8125 0.7031 0.5625 0.3906 0.1875 0.0000 0.0000 0.0625 0.2344 0.4861 0.8794 1.2292 1.4983 1.6867 1.7946 1.8218 1.7683 1.6343 1.4196 1.1242 0.8889 0.7037 0.5926 0.4568 0.2963 0.1111 0.0000 0.0000 0.0000 0.0000 0.0000 0.0000
0.6094 0.7500 0.8594 0.9375 0.9844 1.0000 0.9844 0.9375 0.8594 0.7500 0.6094 0.4375 0.2344 0.0000 0.0000 0.2031 0.3750 0.5403 0.8349 1.0982 1.3673 1.5557 1.6636 1.6908 1.6373 1.5033 1.2886 0.9932 0.7037 0.6173 0.5062 0.3704 0.2099 0.0247 0.0000 0.0000 0.0000 0.0000 0.0000 0.0000
0.6250 0.7656 0.8750 0.9531 1.0000 1.0156 1.0000 0.9531 0.8750 0.7656 0.6250 0.4531 0.2500 0.0156 0.1094 0.3125 0.4844 0.6250 0.8331 1.0718 1.2544 1.3812 1.4520 1.4792 1.4257 1.3287 1.1757 0.9668 0.7020 0.5062 0.3951 0.2593 0.0988 0.0000 0.0000 0.0000 0.0000 0.0000 0.0000 0.0000
0.6094 0.7500 0.8594 0.9375 0.9844 1.0000 0.9844 0.9375 0.8594 0.7500 0.6094 0.4375 0.2344 0.0000 0.1875 0.3906 0.5625 0.7031 0.8125 1.0141 1.1968 1.3235 1.3943 1.4091 1.3681 1.2710 1.1181 0.9091 0.6443 0.3704 0.2593 0.1235 0.0000 0.0000 0.0000 0.0000 0.0000 0.0000 0.0000 0.0000
0.5625 0.7031 0.8125 0.8906 0.9375 0.9531 0.9375 0.8906 0.8125 0.7031 0.5625 0.3906 0.1875 0.0000 0.2344 0.4375 0.6094 0.7500 0.8594 0.9375 1.0831 1.2099 1.2807 1.2955 1.2544 1.1574 1.0044 0.7955 0.5307 0.2099 0.0988 0.0000 0.0000 0.0000 0.0000 0.0000 0.0000 0.0000 0.0000 0.0000
0.4844 0.6250 0.7344 0.8125 0.8594 0.8750 0.8594 0.8125 0.7344 0.6250 0.4844 0.3125 0.1094 0.0156 0.2500 0.4531 0.6250 0.7656 0.8750 0.9531 1.0000 1.0403 1.1111 1.1260 1.0849 0.9878 0.8349 0.6260 0.3611 0.0403 0.0000 0.0000 0.0000 0.0000 0.0000 0.0000 0.0000 0.0000 0.0000 0.0000
