0.8400 0.9600 1.0000 1.0694 1.1525 1.1244 0.9850 0.7344 0.8125 0.8594 0.8750 0.8594 0.8125 0.7344 0.6250 0.4844 0.3125 0.1094 0.0000 0.0000 0.0000 0.0000 0.0000 0.0000 0.0000 0.0000 0.0000 0.0000 0.0100 0.1600 0.2900 0.4000 0.4900 0.5600 0.6100 0.6400 0.6500 0.6400 0.6100 0.5600
0.8800 1.0000 1.0400 1.1875 1.2706 1.2425 1.1031 0.8525 0.8906 0.9375 0.9531 0.9375 0.8906 0.8125 0.7031 0.5725 0.3906 0.1875 0.0000 0.0000 0.0100 0.0000 0.0000 0.0000 0.0000 0.0000 0.0000 0.0000 0.1200 0.2700 0.4000 0.5100 0.6000 0.6700 0.7200 0.7500 0.7600 0.7500 0.7200 0.6700
0.8400 0.9600 1.0000 1.1944 1.2775 1.2494 1.1100 0.8594 0.9375 0.9844 1.0000 1.0244 1.0475 1.0194 0.9400 0.8094 0.6675 0.5044 0.2700 0.2300 0.2000 0.1900 0.1600 0.1100 0.0400 0.0000 0.0000 0.0400 0.2100 0.3600 0.4900 0.6000 0.6900 0.7600 0.8256 0.8400 0.8500 0.8400 0.8100 0.7600
0.7200 0.8400 0.8956 1.0900 1.1731 1.1450 1.0056 0.8750 0.9531 1.0100 1.1356 1.2100 1.2331 1.2050 1.1356 1.1150 1.0231 0.8600 0.6256 0.5700 0.4900 0.3700 0.3300 0.2800 0.2100 0.1200 0.0100 0.1100 0.2800 0.4300 0.5600 0.7794 0.9475 1.0644 1.1300 1.1444 1.1075 1.0194 0.8800 0.8300
0.5200 0.6400 0.6800 0.8744 0.9575 0.9294 0.7900 0.8594 0.9675 1.1444 1.2700 1.3444 1.3675 1.3694 1.4200 1.3994 1.3075 1.1444 0.9100 0.8700 0.7900 0.6700 0.5100 0.4300 0.3600 0.2700 0.1600 0.1900 0.3300 0.5425 0.8131 1.0325 1.2006 1.3175 1.3831 1.3975 1.3606 1.2725 1.1331 0.9425
0.2400 0.3600 0.4000 0.5475 0.6306 0.6025 0.7031 0.8225 1.0506 1.2275 1.3531 1.4275 1.4606 1.5825 1.6331 1.6125 1.5206 1.3575 1.1700 1.1300 1.0500 0.9300 0.7700 0.5700 0.4900 0.4000 0.2900 0.3500 0.4325 0.7444 1.0150 1.2344 1.4025 1.5194 1.5850 1.5994 1.5625 1.4744 1.3350 1.1444
0.0000 0.0000 0.0400 0.1094 0.3125 0.4844 0.6250 0.8544 1.0825 1.2594 1.3850 1.4594 1.6025 1.7244 1.7750 1.7544 1.6625 1.4994 1.3900 1.3500 1.2700 1.1500 0.9900 0.7900 0.6000 0.5100 0.4100 0.4700 0.6931 0.8950 1.1656 1.3850 1.5531 1.6700 1.7356 1.7500 1.7131 1.6250 1.4856 1.2950
0.0000 0.0000 0.0000 0.0000 0.2031 0.3750 0.5556 0.8350 1.0631 1.2400 1.3656 1.4800 1.6731 1.7950 1.8456 1.8250 1.7331 1.5700 1.5700 1.5300 1.4500 1.3300 1.1700 0.9700 0.7300 0.6000 0.4900 0.6594 0.8825 1.0344 1.2650 1.4844 1.6525 1.7694 1.8350 1.8494 1.8125 1.7244 1.5850 1.3944
0.0000 0.0000 0.0000 0.0000 0.0625 0.2344 0.4850 0.7644 0.9925 1.1694 1.2950 1.4794 1.6725 1.7944 1.8450 1.8244 1.7325 1.7100 1.7100 1.6700 1.5900 1.4700 1.3100 1.1100 0.8700 0.6700 0.5600 0.7775 1.0006 1.1525 1.3131 1.5325 1.7006 1.8175 1.8831 1.8975 1.8606 1.7725 1.6331 1.4425
0.0000 0.0000 0.0000 0.0000 0.0000 0.0625 0.3631 0.6425 0.8706 1.0475 1.1731 1.4075 1.6006 1.7225 1.7731 1.7525 1.7700 1.8100 1.8100 1.7700 1.6900 1.5700 1.4100 1.2100 0.9700 0.7200 0.6100 0.8244 1.0475 1.1994 1.3100 1.5294 1.6975 1.8144 1.8800 1.8944 1.8575 1.7694 1.6300 1.4394
0.0000 0.0000 0.0000 0.0000 0.0000 0.0000 0.1900 0.4694 0.6975 0.8744 1.0000 1.2644 1.4575 1.5794 1.6300 1.7500 1.8300 1.8700 1.8700 1.8300 1.7500 1.6300 1.4700 1.2700 1.0300 0.7500 0.6556 0.8000 1.0231 1.1750 1.2556 1.4750 1.6431 1.7600 1.8256 1.8400 1.8031 1.7150 1.5756 1.3850
0.0000 0.0000 0.0000 0.0000 0.0000 0.0100 0.2000 0.3700 0.5200 0.6500 0.7856 1.0500 1.2900 1.4900 1.6500 1.7700 1.8500 1.8900 1.8900 1.8500 1.7700 1.6500 1.4900 1.2900 1.0500 0.7700 0.6500 0.7544 0.9275 1.0794 1.1600 1.3694 1.5375 1.6544 1.7200 1.7344 1.6975 1.6094 1.4700 1.2794
0.0000 0.0000 0.0000 0.0000 0.0000 0.0000 0.1900 0.3600 0.5100 0.6400 0.7500 1.0300 1.2700 1.4700 1.6300 1.7500 1.8300 1.8700 1.8700 1.8300 1.7500 1.6300 1.4700 1.2700 1.0300 0.7500 0.6400 0.6975 0.7606 0.9125 0.9931 1.2125 1.3806 1.4975 1.5631 1.5775 1.5406 1.4525 1.3131 1.1225
0.0000 0.0000 0.0000 0.0000 0.0000 0.0000 0.1600 0.3300 0.4800 0.6100 0.7200 0.9700 1.2100 1.4100 1.5700 1.6900 1.7700 1.8100 1.8100 1.7700 1.6900 1.5700 1.4100 1.2100 0.9700 0.7200 0.6100 0.5894 0.6425 0.6744 0.7850 1.0044 1.1725 1.2894 1.3550 1.3694 1.3325 1.2444 1.1050 0.9144
0.0000 0.0000 0.0000 0.0000 0.0000 0.0000 0.1100 0.2800 0.4300 0.5600 0.6700 0.8700 1.1100 1.3100 1.4700 1.5900 1.6700 1.7100 1.7100 1.6700 1.5900 1.4700 1.3100 1.1100 0.8700 0.6700 0.5600 0.4300 0.4831 0.4850 0.5256 0.7450 0.9131 1.0300 1.0956 1.1100 1.0731 0.9850 0.8456 0.6550
0.0000 0.0000 0.0000 0.0000 0.0000 0.0000 0.0400 0.2100 0.3600 0.4900 0.6000 0.7300 0.9700 1.1700 1.3300 1.4500 1.5300 1.5700 1.5700 1.5300 1.4500 1.3300 1.1700 0.9700 0.7300 0.6000 0.4900 0.3600 0.2725 0.2744 0.3750 0.4844 0.6025 0.7194 0.7850 0.7994 0.7625 0.6744 0.5350 0.3444
0.0000 0.0000 0.0000 0.0000 0.0000 0.0000 0.0000 0.1200 0.2700 0.4000 0.5100 0.6000 0.7900 0.9900 1.1500 1.2700 1.3500 1.3900 1.3900 1.3500 1.2700 1.1500 0.9900 0.7900 0.6000 0.5100 0.4000 0.2700 0.1200 0.0625 0.2031 0.3125 0.3906 0.4375 0.4531 0.4375 0.4006 0.3125 0.2031 0.0625
0.0000 0.0000 0.0000 0.0000 0.0000 0.0000 0.0000 0.0100 0.1600 0.2900 0.4000 0.4900 0.5700 0.7700 0.9300 1.0500 1.1300 1.1700 1.1700 1.1300 1.0500 0.9300 0.7700 0.5700 0.4900 0.4000 0.2900 0.1600 0.0100 0.0000 0.0000 0.1094 0.1875 0.2344 0.2500 0.2344 0.1875 0.1094 0.0000 0.0000
0.0000 0.0000 0.0000 0.0000 0.0000 0.0000 0.0000 0.0000 0.0300 0.1600 0.2700 0.3600 0.4300 0.5100 0.6700 0.7900 0.8700 0.9100 0.9100 0.8700 0.7900 0.6700 0.5100 0.4700 0.3600 0.2700 0.1600 0.0300 0.0000 0.0000 0.0000 0.0000 0.0000 0.0000 0.0156 0.0000 0.0000 0.0000 0.0000 0.0000
0.0000 0.0000 0.0000 0.0000 0.0000 0.0000 0.0000 0.0000 0.0000 0.0100 0.1200 0.2100 0.2800 0.3300 0.3700 0.4900 0.5700 0.6100 0.6100 0.5700 0.5300 0.6100 0.6900 0.6800 0.5700 0.3600 0.0500 0.0000 0.0000 0.0000 0.0000 0.0000 0.0000 0.0000 0.0000 0.0000 0.0000 0.0000 0.0000 0.0000
0.0000 0.0000 0.0000 0.0000 0.0000 0.0000 0.0000 0.0000 0.0000 0.0000 0.0000 0.0400 0.1100 0.1600 0.1900 0.2000 0.2300 0.2700 0.2700 0.2700 0.5200 0.7100 0.8000 0.7900 0.6800 0.5200 0.3200 0.0400 0.0000 0.0000 0.0000 0.0000 0.0000 0.0000 0.0000 0.0000 0.0000 0.0000 0.0000 0.0000
0.0000 0.0000 0.0000 0.0000 0.0000 0.0000 0.0000 0.0000 0.0000 0.0000 0.0000 0.0000 0.0000 0.0000 0.0000 0.0100 0.0000 0.0000 0.0000 0.2400 0.5300 0.7200 0.8400 0.8800 0.8400 0.7200 0.5200 0.2400 0.0000 0.0000 0.0000 0.0000 0.0000 0.0000 0.0000 0.0000 0.0000 0.0000 0.0000 0.0000
0.0000 0.0000 0.0000 0.0000 0.0000 0.0000 0.0000 0.0000 0.0000 0.0000 0.0000 0.0000 0.0000 0.0000 0.0000 0.0000 0.0000 0.0000 0.0000 0.3600 0.6400 0.8400 0.9600 1.0000 0.9600 0.8400 0.6400 0.3600 0.0000 0.0000 0.0000 0.0000 0.0000 0.0000 0.0000 0.0000 0.0000 0.0000 0.0000 0.0000
0.0000 0.0000 0.0000 0.0000 0.0000 0.0000 0.0000 0.0000 0.0000 0.0000 0.0000 0.0000 0.0000 0.0000 0.0000 0.0000 0.0000 0.0000 0.0400 0.4000 0.6800 0.8800 1.0000 1.0400 1.0000 0.8800 0.6800 0.4000 0.0400 0.0000 0.0000 0.0000 0.0000 0.0000 0.0000 0.0000 0.0000 0.0000 0.0000 0.0000
0.0000 0.0000 0.0000 0.0000 0.0000 0.0000 0.0000 0.0000 0.0000 0.0000 0.0000 0.0000 0.0000 0.0000 0.0000 0.0000 0.0000 0.0000 0.0000 0.3600 0.6400 0.8400 0.9600 1.0000 0.9600 0.8400 0.6400 0.3600 0.0000 0.0000 0.0000 0.0000 0.0000 0.0000 0.0000 0.0000 0.0000 0.0000 0.0000 0.0000
0.0000 0.0000 0.0000 0.0000 0.0000 0.0000 0.0000 0.0000 0.0000 0.0000 0.0000 0.0000 0.0000 0.0000 0.0000 0.0000 0.0000 0.0000 0.0000 0.2400 0.5200 0.7200 0.8400 0.8800 0.8400 0.7200 0.5200 0.2400 0.0000 0.0000 0.0000 0.0000 0.0000 0.0000 0.0000 0.0000 0.0000 0.0000 0.0000 0.0000
0.0000 0.0000 0.0000 0.0000 0.0000 0.0000 0.0000 0.0000 0.0000 0.0000 0.0000 0.0000 0.0000 0.0000 0.0000 0.0000 0.0000 0.0000 0.0000 0.0400 0.3200 0.5200 0.6400 0.6800 0.6400 0.5200 0.3200 0.0400 0.0000 0.0000 0.0000 0.0000 0.0000 0.0000 0.0000 0.0000 0.0000 0.0000 0.0000 0.0000
0.0000 0.0000 0.0000 0.0000 0.0000 0.0000 0.0000 0.0000 0.0000 0.0000 0.0000 0.0000 0.0000 0.0000 0.0000 0.0000 0.0000 0.0000 0.0000 0.0000 0.0400 0.2400 0.3600 0.4000 0.3600 0.2400 0.0400 0.0000 0.0000 0.0000 0.0000 0.0000 0.0000 0.0000 0.0000 0.0000 0.0000 0.0000 0.0400 0.1100
0.0000 0.0000 0.0000 0.0000 0.0000 0.0000 0.0000 0.0000 0.0000 0.0000 0.0000 0.0000 0.0000 0.0000 0.0000 0.0000 0.0000 0.0000 0.0000 0.0000 0.0000 0.0000 0.0000 0.0400 0.0000 0.0000 0.0000 0.0000 0.0000 0.0000 0.0000 0.0000 0.0000 0.0000 0.0000 0.0000 0.0100 0.1200 0.2100 0.2800
0.0000 0.0000 0.0000 0.0000 0.0000 0.0000 0.0000 0.0000 0.0000 0.0000 0.0000 0.0000 0.0000 0.0000 0.0000 0.0000 0.0000 0.0000 0.0000 0.0000 0.0000 0.0000 0.0000 0.0000 0.0000 0.0000 0.0000 0.0000 0.0000 0.0000 0.0000 0.0000 0.0000 0.0000 0.0000 0.0300 0.1600 0.2700 0.3600 0.4300
0.0000 0.0000 0.0000 0.0000 0.0000 0.0000 0.0000 0.0000 0.0000 0.0000 0.0000 0.0000 0.0000 0.0000 0.0000 0.0000 0.0000 0.0000 0.0000 0.0000 0.0000 0.0000 0.0000 0.0000 0.0000 0.0000 0.0000 0.0000 0.0000 0.0000 0.0000 0.0000 0.0000 0.0000 0.0100 0.1600 0.2900 0.4000 0.4900 0.5600
0.0000 0.0000 0.0000 0.0000 0.0000 0.0000 0.0000 0.0000 0.0000 0.0000 0.0000 0.0000 0.0000 0.0000 0.0000 0.0000 0.0000 0.0000 0.0000 0.0000 0.0000 0.0000 0.0000 0.0000 0.0000 0.0000 0.0000 0.0000 0.0000 0.0000 0.0000 0.0000 0.0000 0.0000 0.1200 0.2700 0.4000 0.5100 0.6000 0.6700
0.0000 0.0000 0.0000 0.0000 0.0000 0.0000 0.0000 0.0000 0.0000 0.0000 0.0000 0.0000 0.0000 0.0000 0.0000 0.0000 0.0000 0.0000 0.0000 0.0000 0.0000 0.0000 0.0000 0.0000 0.0000 0.0000 0.0000 0.0000 0.0000 0.0000 0.0000 0.0000 0.0000 0.0400 0.2100 0.3600 0.4900 0.6000 0.6900 0.7600
0.0000 0.0000 0.0000 0.0000 0.0000 0.0000 0.0000 0.0000 0.0000 0.0000 0.0000 0.0000 0.0000 0.0000 0.0000 0.0000 0.0000 0.0000 0.0000 0.0000 0.0000 0.0000 0.0000 0.0000 0.0000 0.0000 0.0000 0.0000 0.0000 0.0000 0.0000 0.0000 0.0000 0.1100 0.2800 0.4700 0.5600 0.6700 0.7600 0.8300
0.0000 0.0000 0.0000 0.0000 0.0000 0.0000 0.0000 0.0000 0.0000 0.0000 0.0000 0.0000 0.0000 0.0000 0.0000 0.0000 0.0000 0.0000 0.0000 0.0000 0.0000 0.0000 0.0000 0.0000 0.0000 0.0000 0.0000 0.0000 0.0000 0.0000 0.0000 0.0000 0.0400 0.4000 0.6900 0.8800 0.9700 0.9600 0.8500 0.8800
0.0000 0.0000 0.0000 0.0000 0.0000 0.0000 0.0000 0.0000 0.0000 0.0000 0.0000 0.0000 0.0000 0.0000 0.0000 0.0000 0.0000 0.0000 0.0000 0.0000 0.0000 0.0000 0.0000 0.0000 0.0000 0.0000 0.0000 0.0000 0.0000 0.0000 0.0000 0.0400 0.3200 0.7100 1.0000 1.1900 1.2800 1.2700 1.1600 0.9500
0.0000 0.0000 0.0000 0.0000 0.0000 0.0000 0.0000 0.0000 0.0000 0.0000 0.0000 0.0000 0.0000 0.0000 0.0000 0.0000 0.0000 0.0000 0.0000 0.0000 0.0000 0.0000 0.0000 0.0000 0.0000 0.0000 0.0000 0.0000 0.0000 0.0000 0.0000 0.2400 0.5300 0.9200 1.2100 1.4000 1.4900 1.4800 1.3700 1.1600
0.0000 0.0000 0.0000 0.0000 0.0000 0.0000 0.0000 0.0000 0.0000 0.0000 0.0000 0.0000 0.0000 0.0000 0.0000 0.0000 0.0000 0.0000 0.0000 0.0000 0.0000 0.0000 0.0000 0.0000 0.0000 0.0000 0.0000 0.0000 0.0000 0.0000 0.0000 0.3600 0.6400 1.0300 1.3200 1.5100 1.6000 1.5900 1.4800 1.2700
0.0000 0.0000 0.0000 0.0000 0.0000 0.0000 0.0000 0.0000 0.0000 0.0000 0.0000 0.0000 0.0000 0.0000 0.0000 0.0000 0.0000 0.0000 0.0000 0.0000 0.0000 0.0000 0.0000 0.0000 0.0000 0.0000 0.0000 0.0000 0.0000 0.0000 0.0400 0.4000 0.6800 1.0400 1.3300 1.5200 1.6100 1.6000 1.4900 1.2800
0.0000 0.0000 0.0000 0.0000 0.0000 0.0000 0.0000 0.0000 0.0000 0.0000 0.0000 0.0000 0.0000 0.0000 0.0000 0.0000 0.0000 0.0000 0.0000 0.0000 0.0000 0.0000 0.0000 0.0000 0.0000 0.0000 0.0000 0.0000 0.0000 0.0000 0.0000 0.3600 0.6400 0.9500 1.2400 1.4300 1.5200 1.5100 1.4000 1.1900
