0.0000 0.0000 0.0000 0.0000 0.2400 0.5200 0.7200 0.8400 0.8800 0.8400 0.7200 0.5200 0.2400 0.0000 0.0000 0.0000 0.0000 0.0000 0.0000 0.0000 0.0000 0.0000 0.0000 0.0000 0.0000 0.0000 0.0000 0.0000 0.0000 0.0000 0.0000 0.0000 0.0000 0.0000 0.0000 0.0000 0.0000 0.0000 0.0000 0.0000
0.0000 0.0000 0.0000 0.0000 0.3600 0.6400 0.8400 0.9600 1.0000 0.9600 0.8400 0.6400 0.3600 0.0000 0.0000 0.0000 0.0000 0.0000 0.0000 0.0000 0.0000 0.0000 0.0000 0.0000 0.0000 0.0000 0.0000 0.0000 0.0000 0.0000 0.0000 0.0000 0.0000 0.0000 0.0000 0.0000 0.0000 0.0000 0.0000 0.0000
0.0000 0.0000 0.0000 0.0400 0.4000 0.6800 0.8800 1.0000 1.0000 1.0000 0.8800 0.6800 0.4000 0.0400 0.0000 0.0000 0.0000 0.0000 0.0000 0.0000 0.0000 0.0000 0.0000 0.0000 0.0000 0.0000 0.0000 0.0000 0.0000 0.0000 0.0000 0.0000 0.0000 0.0000 0.0000 0.0000 0.0000 0.0000 0.0000 0.0000
0.0000 0.0000 0.0000 0.0000 0.3600 0.6400 0.8400 0.9600 1.0000 0.9600 0.8400 0.6400 0.3600 0.0000 0.0000 0.0000 0.0000 0.0000 0.0000 0.0000 0.0000 0.0000 0.0000 0.0000 0.0000 0.0000 0.0000 0.0000 0.0000 0.0000 0.0000 0.0000 0.0000 0.0000 0.0000 0.0000 0.0000 0.0000 0.0123 0.0000
0.0000 0.0000 0.0000 0.0000 0.2400 0.5200 0.7200 0.8400 0.8800 0.8400 0.7200 0.5200 0.2400 0.0000 0.0000 0.0000 0.0000 0.0000 0.0000 0.0000 0.0000 0.0000 0.0000 0.0000 0.0000 0.0000 0.0000 0.0000 0.0000 0.0000 0.0000 0.0000 0.0000 0.0000 0.0403 0.1111 0.1728 0.2099 0.2222 0.2099
0.0000 0.0000 0.0000 0.0000 0.0400 0.3200 0.5200 0.6400 0.6800 0.6400 0.5200 0.3200 0.0400 0.0000 0.0000 0.0000 0.0000 0.0000 0.0000 0.0000 0.0000 0.0000 0.0000 0.0000 0.0000 0.0000 0.0000 0.0000 0.0000 0.0000 0.0000 0.1094 0.1875 0.3331 0.4599 0.5307 0.5455 0.5044 0.4074 0.3951
0.0000 0.0000 0.0000 0.0000 0.0000 0.0400 0.2400 0.3600 0.4000 0.3600 0.2400 0.0400 0.0000 0.0000 0.0000 0.0000 0.0000 0.0000 0.0000 0.0000 0.0000 0.0000 0.0000 0.0000 0.0000 0.0000 0.0000 0.0000 0.0000 0.0625 0.2031 0.3125 0.5141 0.6968 0.8235 0.8943 0.9091 0.8681 0.7710 0.6181
0.0000 0.0000 0.0000 0.0000 0.0000 0.0000 0.0000 0.0000 0.0400 0.0000 0.0000 0.0000 0.0000 0.0000 0.0000 0.0000 0.0000 0.0000 0.0000 0.0000 0.0000 0.0000 0.0000 0.0000 0.0000 0.0000 0.0000 0.0000 0.0625 0.2344 0.3750 0.5831 0.8218 1.0044 1.1312 1.2020 1.2168 1.1757 1.0787 0.9257
0.0000 0.0000 0.0000 0.0000 0.0000 0.0000 0.0000 0.0000 0.0000 0.0000 0.0000 0.0000 0.0123 0.0000 0.0000 0.0000 0.0000 0.0000 0.0000 0.0000 0.0000 0.0000 0.0000 0.0000 0.0000 0.0000 0.0000 0.0000 0.2031 0.3750 0.5403 0.8349 1.0735 1.2562 1.3829 1.4537 1.4686 1.4275 1.3304 1.1775
0.0000 0.0000 0.0000 0.0000 0.0000 0.0000 0.0000 0.0000 0.0247 0.1111 0.1728 0.2099 0.2222 0.2099 0.1728 0.1211 0.0247 0.0000 0.0000 0.0000 0.0000 0.0000 0.0000 0.0000 0.0000 0.0000 0.0000 0.1094 0.3125 0.4844 0.7361 1.0307 1.2693 1.4520 1.5787 1.6495 1.6644 1.6233 1.5262 1.3733
0.0000 0.0000 0.0000 0.0000 0.0000 0.0000 0.0000 0.0988 0.2099 0.2963 0.3580 0.4351 0.5174 0.5551 0.5480 0.4963 0.3999 0.2588 0.1100 0.0400 0.0000 0.0000 0.0000 0.0000 0.0000 0.0000 0.0000 0.1875 0.3906 0.5625 0.8760 1.1705 1.4091 1.5918 1.7186 1.7894 1.8042 1.7631 1.6661 1.5131
0.0000 0.0000 0.0000 0.0000 0.0000 0.0000 0.1235 0.2593 0.3704 0.4668 0.6385 0.7656 0.8479 0.8856 0.8785 0.8268 0.7304 0.5893 0.4035 0.2100 0.1200 0.0100 0.0000 0.0000 0.0000 0.0000 0.0000 0.2344 0.4375 0.6094 0.9599 1.2544 1.4931 1.6757 1.8025 1.8733 1.8881 1.8470 1.7500 1.5970
0.0000 0.0000 0.0000 0.0000 0.0000 0.0988 0.2593 0.3951 0.5362 0.7526 0.9243 1.0514 1.1337 1.1714 1.1643 1.1126 1.0162 0.8751 0.6893 0.4588 0.2700 0.1600 0.0300 0.0000 0.0000 0.0000 0.0156 0.2500 0.4531 0.6373 0.9878 1.2824 1.5210 1.7037 1.8304 1.9012 1.9161 1.8750 1.7780 1.6250
0.0000 0.0000 0.0000 0.0000 0.0247 0.2099 0.3704 0.5162 0.7773 0.9937 1.1654 1.2925 1.3748 1.4125 1.4054 1.3537 1.2573 1.1162 0.9304 0.6999 0.4247 0.2900 0.1600 0.0100 0.0000 0.0000 0.0000 0.2344 0.4375 0.6094 0.9599 1.2544 1.4931 1.6757 1.8025 1.8733 1.8881 1.8470 1.7500 1.5970
0.0000 0.0000 0.0000 0.0000 0.1111 0.2963 0.4568 0.7126 0.9737 1.1901 1.3619 1.4889 1.5712 1.6089 1.6019 1.5501 1.4537 1.3126 1.1268 0.8963 0.6211 0.4000 0.2700 0.1200 0.0000 0.0000 0.0000 0.1875 0.3906 0.5625 0.8760 1.1705 1.4091 1.5918 1.7186 1.7894 1.8042 1.7631 1.6661 1.5131
0.0000 0.0000 0.0000 0.0000 0.2128 0.3580 0.5585 0.8643 1.1254 1.3419 1.5136 1.6406 1.7230 1.7606 1.7536 1.7019 1.6054 1.4643 1.2785 1.0480 0.7728 0.4900 0.3600 0.2100 0.0400 0.0000 0.0000 0.1094 0.3125 0.4844 0.7361 1.0307 1.2693 1.4520 1.5787 1.6495 1.6644 1.6233 1.5262 1.3733
0.0000 0.0400 0.2400 0.3600 0.6099 0.7551 0.9056 1.0114 1.2325 1.4489 1.6206 1.7477 1.8300 1.8677 1.8606 1.8089 1.7125 1.5714 1.3856 1.1551 0.8799 0.5600 0.4300 0.2800 0.1100 0.0000 0.0000 0.0000 0.2031 0.3750 0.5403 0.8349 1.0735 1.2562 1.3829 1.4537 1.4686 1.4275 1.3304 1.1775
0.0400 0.3200 0.5200 0.6523 0.9022 1.0474 1.2479 1.3537 1.3348 1.5112 1.6830 1.8100 1.8923 1.9300 1.9230 1.8712 1.7748 1.6337 1.4479 1.2174 0.9422 0.6223 0.4800 0.3300 0.1600 0.0000 0.0000 0.0000 0.0625 0.2344 0.3750 0.5831 0.8218 1.0044 1.1312 1.2020 1.2168 1.1757 1.0787 0.9257
0.2400 0.5200 0.7200 0.8400 1.0899 1.2351 1.4656 1.5714 1.5525 1.5289 1.7130 1.8277 1.9100 1.9477 1.9406 1.8889 1.7925 1.6514 1.4656 1.2351 0.9599 0.6400 0.5100 0.3600 0.1900 0.0000 0.0000 0.0000 0.0000 0.0625 0.2031 0.3125 0.5141 0.6968 0.8235 0.8943 0.9091 0.8681 0.7710 0.6181
0.3600 0.6400 0.8400 0.9600 1.1728 1.3280 1.5832 1.7754 1.8183 1.7117 1.8958 2.0105 2.0558 2.0317 1.9383 1.8619 1.7654 1.6243 1.4385 1.2080 0.9328 0.6500 0.5200 0.3700 0.2000 0.0100 0.0000 0.0000 0.0000 0.0000 0.0000 0.1094 0.1875 0.3331 0.4599 0.5307 0.5455 0.5044 0.4074 0.3951
0.4000 0.6800 0.8800 1.0000 1.1511 1.3951 1.7367 1.9289 1.9717 1.8652 2.0093 2.1240 2.1693 2.1452 2.0517 1.8889 1.6937 1.5526 1.3668 1.1363 0.8611 0.6400 0.5100 0.3600 0.1900 0.0000 0.0000 0.0000 0.0000 0.0000 0.0000 0.0000 0.0000 0.0000 0.0403 0.1111 0.1728 0.2099 0.2222 0.2099
0.3600 0.6400 0.8400 0.9600 1.1481 1.4291 1.7407 1.9330 1.9758 1.8693 2.0533 2.1680 2.2133 2.1893 2.0958 1.9330 1.7007 1.4362 1.2504 1.0199 0.7447 0.6100 0.4800 0.3300 0.1600 0.0000 0.0000 0.0000 0.0000 0.0000 0.0000 0.0000 0.0000 0.0000 0.0000 0.0000 0.0000 0.0000 0.0123 0.0000
0.2400 0.5200 0.7200 0.9388 1.1393 1.3338 1.5954 1.7877 1.8305 1.8440 2.0280 2.1427 2.1880 2.1640 2.0705 1.9077 1.6754 1.3738 1.0893 0.8588 0.6700 0.5600 0.4300 0.2800 0.1100 0.0000 0.0000 0.0000 0.0000 0.0000 0.0000 0.0000 0.0000 0.0000 0.0000 0.0000 0.0000 0.0000 0.0000 0.0000
0.0400 0.3200 0.5847 0.8499 1.0504 1.1462 1.3007 1.4930 1.5358 1.7493 1.9333 2.0480 2.0933 2.0693 1.9758 1.8130 1.5807 1.2791 0.9081 0.6900 0.6000 0.4900 0.3600 0.2100 0.0400 0.0000 0.0000 0.0000 0.0000 0.0000 0.0000 0.0000 0.0000 0.0000 0.0000 0.0000 0.0000 0.0000 0.0000 0.0000
0.2400 0.4000 0.7511 1.0163 1.0968 0.9926 0.9437 1.0489 1.3317 1.5852 1.7693 1.8840 1.9293 1.9052 1.8117 1.6489 1.4167 1.1151 0.7811 0.6000 0.5100 0.4000 0.2700 0.1200 0.0000 0.0000 0.0000 0.0000 0.0000 0.0000 0.0000 0.0000 0.0000 0.0000 0.0000 0.0000 0.0000 0.0000 0.0000 0.0000
0.5200 0.6400 0.8528 0.9980 1.0785 0.9743 0.8054 0.8619 1.0983 1.3517 1.5358 1.6505 1.6958 1.6717 1.5783 1.4154 1.1832 0.9680 0.7328 0.4900 0.4000 0.2900 0.1600 0.0100 0.0000 0.0000 0.0000 0.0000 0.0000 0.0000 0.0000 0.0000 0.0000 0.0000 0.0000 0.0000 0.0000 0.0000 0.0000 0.0000
0.7200 0.8400 1.0899 1.2351 1.2756 1.2114 1.0425 0.8889 0.9806 1.1477 1.2700 1.3477 1.3930 1.3689 1.3125 1.2114 1.0656 0.8751 0.6399 0.3600 0.2700 0.1600 0.0300 0.0000 0.0000 0.0000 0.0000 0.0000 0.0000 0.0000 0.0000 0.0000 0.0000 0.0000 0.0000 0.0000 0.0000 0.0000 0.0000 0.0000
0.8400 0.9723 1.2222 1.3674 1.4079 1.3437 1.1748 0.9012 0.9630 1.0100 1.1323 1.2100 1.2430 1.2312 1.1748 1.0737 0.9279 0.7374 0.5022 0.2223 0.1200 0.0100 0.0000 0.0000 0.0000 0.0000 0.0000 0.0000 0.0000 0.0000 0.0000 0.0000 0.0000 0.0000 0.0000 0.0000 0.0000 0.0000 0.0000 0.0000
0.8800 1.0000 1.2499 1.3951 1.4356 1.3714 1.2025 0.9289 0.9506 0.9877 1.0000 1.0277 1.0606 1.0489 0.9925 0.8914 0.7456 0.5551 0.3199 0.0400 0.0000 0.0000 0.0000 0.0000 0.0000 0.0000 0.0000 0.0000 0.0000 0.0000 0.0000 0.0000 0.0000 0.0000 0.0000 0.0000 0.0000 0.0000 0.0000 0.0000
0.8400 0.9600 1.1728 1.3180 1.3585 1.2943 1.1254 0.8519 0.9136 0.9506 0.9630 0.9506 0.9136 0.8519 0.7654 0.6643 0.5185 0.3580 0.1728 0.0000 0.0000 0.0000 0.0000 0.0000 0.0000 0.0000 0.0000 0.0000 0.0000 0.0000 0.0000 0.0000 0.0000 0.0000 0.0000 0.0000 0.0000 0.0000 0.0000 0.0000
0.7200 0.8400 0.9911 1.1363 1.1768 1.1126 0.9437 0.7901 0.8519 0.8889 0.9012 0.8889 0.8519 0.8301 0.7037 0.5926 0.4568 0.2963 0.1111 0.0000 0.0000 0.0000 0.0000 0.0000 0.0000 0.0000 0.0000 0.0000 0.0000 0.0000 0.0000 0.0000 0.0000 0.0000 0.0000 0.0000 0.0000 0.0000 0.0000 0.0000
0.5200 0.6400 0.7047 0.8499 0.8904 0.8262 0.6573 0.7037 0.7654 0.8025 0.8548 1.0425 1.1254 1.1037 0.9773 0.7462 0.4104 0.2099 0.0247 0.0000 0.0000 0.0000 0.0000 0.0000 0.0000 0.0000 0.0000 0.0000 0.0000 0.0000 0.0000 0.0000 0.0000 0.0000 0.0000 0.0000 0.0000 0.0000 0.0000 0.0000
0.2400 0.3600 0.4000 0.4588 0.4993 0.4351 0.5062 0.5926 0.6543 0.7314 1.0237 1.2114 1.2943 1.2726 1.1462 0.9151 0.5793 0.1388 0.0000 0.0000 0.0000 0.0000 0.0000 0.0000 0.0000 0.0000 0.0000 0.0000 0.0000 0.0000 0.0000 0.0000 0.0000 0.0000 0.0000 0.0000 0.0000 0.0000 0.0000 0.0000
0.0000 0.0000 0.0400 0.0000 0.1235 0.2593 0.3704 0.4568 0.5185 0.7956 1.0879 1.2756 1.3585 1.3368 1.2104 0.9793 0.6435 0.2400 0.0000 0.0000 0.0000 0.0000 0.0000 0.0000 0.0000 0.0000 0.0000 0.0000 0.0000 0.0000 0.0000 0.0000 0.0000 0.0000 0.0000 0.0000 0.0000 0.0000 0.0000 0.0000
0.0000 0.0000 0.0000 0.0000 0.0000 0.0988 0.2099 0.2963 0.3580 0.7551 1.0474 1.2351 1.3180 1.2963 1.1699 0.9388 0.6400 0.3600 0.0000 0.0000 0.0000 0.0000 0.0000 0.0000 0.0000 0.0000 0.0000 0.0000 0.0000 0.0000 0.0000 0.0000 0.0000 0.0000 0.0000 0.0000 0.0000 0.0000 0.0000 0.0000
0.0000 0.0000 0.0000 0.0000 0.0000 0.0000 0.0247 0.1111 0.2128 0.6099 0.9022 1.0899 1.1728 1.1511 1.0247 0.8800 0.6800 0.4000 0.0400 0.0000 0.0000 0.0000 0.0000 0.0000 0.0000 0.0000 0.0000 0.0000 0.0000 0.0000 0.0000 0.0000 0.0000 0.0000 0.0000 0.0000 0.0000 0.0000 0.0000 0.0000
0.0000 0.0000 0.0000 0.0000 0.0000 0.0000 0.0000 0.0000 0.0000 0.3600 0.6523 0.8400 0.9600 1.0000 0.9600 0.8400 0.6400 0.3600 0.0000 0.0000 0.0000 0.0000 0.0000 0.0000 0.0000 0.0000 0.0000 0.0000 0.0000 0.0000 0.0000 0.0000 0.0000 0.0000 0.0000 0.0000 0.0000 0.0000 0.0000 0.0000
0.0000 0.0000 0.0000 0.0000 0.0000 0.0000 0.0000 0.0000 0.0000 0.2400 0.5200 0.7200 0.8400 0.8800 0.8400 0.7200 0.5200 0.2400 0.0000 0.0000 0.0000 0.0000 0.0000 0.0000 0.0000 0.0000 0.0000 0.0000 0.0000 0.0000 0.0000 0.0000 0.0000 0.0000 0.0000 0.0000 0.0000 0.0000 0.0000 0.0000
0.0000 0.0000 0.0000 0.0000 0.0000 0.0000 0.0000 0.0000 0.0000 0.0400 0.3200 0.5200 0.6400 0.6800 0.6400 0.5200 0.3200 0.0400 0.0000 0.0000 0.0000 0.0000 0.0000 0.0000 0.0000 0.0000 0.0000 0.0000 0.0000 0.0000 0.0000 0.0000 0.0000 0.0000 0.0000 0.0000 0.0000 0.0000 0.0000 0.0000
0.0000 0.0000 0.0000 0.0000 0.0000 0.0000 0.0000 0.0000 0.0000 0.0000 0.0400 0.2400 0.3600 0.4000 0.3600 0.2400 0.0400 0.0000 0.0000 0.0000 0.0000 0.0000 0.0000 0.0000 0.0000 0.0000 0.0000 0.0000 0.0000 0.0000 0.0000 0.0000 0.0000 0.0000 0.0000 0.0000 0.0000 0.0000 0.0000 0.0000
