0.0000 0.0000 0.0000 0.0000 0.0000 0.0000 0.0000 0.0000 0.0000 0.0000 0.0000 0.0000 0.0000 0.0000 0.0000 0.0000 0.0000 0.0000 0.0000 0.0000 0.0000 0.0000 0.0000 0.0000 0.0000 0.0000 0.0000 0.0000 0.0000 0.0000 0.0000 0.0000 0.0000 0.0000 0.0000 0.0000 0.0000 0.0000 0.0000 0.0000
0.0000 0.0000 0.0000 0.0000 0.0000 0.0000 0.0000 0.0000 0.0000 0.0000 0.0000 0.0000 0.0000 0.0000 0.0000 0.0000 0.0100 0.0000 0.0000 0.0000 0.0000 0.0000 0.0000 0.0000 0.0000 0.0000 0.0000 0.0000 0.0000 0.0000 0.0000 0.0000 0.0000 0.0000 0.0000 0.0000 0.0000 0.0000 0.0000 0.0000
0.0000 0.0000 0.0000 0.0000 0.0000 0.0000 0.0000 0.0000 0.0000 0.0000 0.0000 0.0000 0.0400 0.1100 0.1600 0.1900 0.2000 0.1900 0.1600 0.1100 0.0400 0.0000 0.0000 0.0000 0.0000 0.0000 0.0000 0.0000 0.0000 0.0000 0.0000 0.0000 0.0000 0.0000 0.0000 0.0000 0.0000 0.0000 0.0000 0.0000
0.0000 0.0000 0.0000 0.0000 0.0000 0.0000 0.0000 0.0000 0.0000 0.0000 0.0100 0.1200 0.2100 0.2800 0.3300 0.3600 0.3700 0.3600 0.3300 0.2800 0.2100 0.1200 0.0100 0.0000 0.0000 0.0000 0.0000 0.0000 0.0000 0.0000 0.0000 0.0000 0.0000 0.0000 0.0000 0.0000 0.0000 0.0000 0.0000 0.0000
0.0000 0.0000 0.0000 0.0000 0.0000 0.0000 0.0204 0.0000 0.0000 0.0300 0.1600 0.2700 0.3600 0.4300 0.4800 0.5100 0.5200 0.5100 0.4800 0.4504 0.3600 0.2700 0.1600 0.0300 0.0000 0.0000 0.0000 0.0000 0.0000 0.0000 0.0000 0.0000 0.0000 0.0000 0.0000 0.0000 0.0000 0.0000 0.0000 0.0000
0.0000 0.0000 0.0000 0.1020 0.2041 0.2653 0.2857 0.2931 0.2141 0.2620 0.2900 0.4000 0.4900 0.5600 0.6100 0.6400 0.7520 0.8441 0.8753 0.8457 0.7553 0.6041 0.3920 0.1600 0.0100 0.0000 0.0000 0.0000 0.0000 0.0000 0.0000 0.0000 0.0000 0.0000 0.0000 0.0000 0.0000 0.0000 0.0000 0.0000
0.0000 0.0000 0.1837 0.3265 0.5119 0.7120 0.8158 0.8231 0.8541 0.8188 0.6670 0.5100 0.6000 0.6700 0.7200 0.9337 1.0865 1.1786 1.2098 1.1802 1.0898 0.9386 0.7265 0.4537 0.1200 0.0000 0.0000 0.0000 0.0000 0.0000 0.0000 0.0000 0.0000 0.0000 0.0000 0.0000 0.0000 0.0000 0.0000 0.0000
0.0000 0.1837 0.3673 0.6491 0.9456 1.1457 1.2494 1.2968 1.3778 1.3424 1.1907 0.9226 0.6900 0.7600 0.9937 1.2073 1.3602 1.4522 1.4835 1.4539 1.3635 1.2122 1.0002 0.7273 0.3937 0.0400 0.0000 0.0000 0.0000 0.0000 0.0000 0.0000 0.0000 0.0000 0.0000 0.0000 0.0000 0.0000 0.0000 0.0000
0.1020 0.3265 0.5935 0.9864 1.2829 1.4830 1.5867 1.7041 1.7851 1.7497 1.5980 1.3299 0.9454 0.9320 1.2065 1.4202 1.5731 1.6651 1.6963 1.6667 1.5763 1.4251 1.2131 0.9402 0.6065 0.2120 0.0000 0.0000 0.0000 0.0000 0.0000 0.0000 0.0000 0.0000 0.0000 0.0000 0.0000 0.0000 0.0000 0.0000
0.2041 0.4286 0.8345 1.2273 1.5238 1.7239 1.8277 1.9950 2.0760 2.0407 1.8889 1.6208 1.2363 1.0841 1.3586 1.5722 1.7251 1.8171 1.8484 1.8188 1.7284 1.5771 1.3651 1.0922 0.7586 0.3641 0.0000 0.0000 0.0000 0.0000 0.0000 0.0000 0.0000 0.0000 0.0000 0.0000 0.0000 0.0000 0.0000 0.0000
0.2653 0.4898 0.9790 1.3719 1.6684 1.8685 1.9722 2.1696 2.2506 2.2152 2.0635 1.7954 1.4109 1.1753 1.4498 1.6635 1.8163 1.9084 1.9396 1.9100 1.8196 1.6684 1.4563 1.1835 0.8498 0.4553 0.0000 0.0000 0.0000 0.0000 0.0000 0.0000 0.0000 0.0000 0.0000 0.0000 0.0000 0.0000 0.0000 0.0000
0.2857 0.5380 1.0272 1.4201 1.7166 1.9167 2.0304 2.2000 2.3088 2.2734 2.1217 1.8535 1.4895 1.2539 1.4802 1.6939 1.8467 1.9388 1.9700 1.9200 1.8500 1.6988 1.4867 1.2139 0.8802 0.4857 0.0304 0.0000 0.0000 0.0000 0.0000 0.0000 0.0000 0.0000 0.0000 0.0000 0.0000 0.0000 0.0000 0.0000
0.2653 0.4898 0.9790 1.3719 1.6684 1.8685 1.9722 2.1696 2.2506 2.2152 2.0635 1.7954 1.4109 1.1753 1.4498 1.6635 1.8163 1.9084 1.9396 1.9100 1.8196 1.6684 1.4563 1.1835 0.8498 0.4553 0.0000 0.0000 0.0000 0.0000 0.0000 0.0000 0.0000 0.0000 0.0000 0.0000 0.0000 0.0000 0.0400 0.0000
0.2041 0.4286 0.8345 1.2273 1.5238 1.7239 1.8277 1.9950 2.0760 2.0407 1.8889 1.6208 1.2363 1.0841 1.3586 1.5722 1.7251 1.8171 1.8484 1.8188 1.7284 1.5771 1.3651 1.0922 0.7586 0.3641 0.0000 0.0000 0.0000 0.0000 0.0000 0.0000 0.0000 0.0000 0.0000 0.0400 0.2400 0.3600 0.4000 0.3600
0.1020 0.3265 0.5935 0.9864 1.2829 1.4830 1.5867 1.7041 1.7851 1.7497 1.5980 1.3299 0.9454 0.9320 1.2065 1.4202 1.5731 1.6651 1.6963 1.6667 1.5763 1.4251 1.2131 0.9402 0.6065 0.2120 0.0000 0.0000 0.0000 0.0000 0.0000 0.0000 0.0000 0.0000 0.0400 0.3200 0.5200 0.6400 0.6800 0.6400
0.0000 0.1837 0.3673 0.6491 0.9456 1.1457 1.2494 1.2968 1.3778 1.3424 1.1907 0.9226 0.6900 0.7600 0.9937 1.2073 1.3602 1.4522 1.4835 1.4539 1.3635 1.2122 1.0002 0.7273 0.3937 0.0400 0.0000 0.0000 0.0000 0.0000 0.0000 0.0000 0.0000 0.0000 0.2400 0.5200 0.7200 0.8400 0.8800 0.8400
0.0000 0.0000 0.1837 0.3265 0.5119 0.7120 0.8158 0.8231 0.8541 0.8188 0.6670 0.5100 0.6000 0.6700 0.7200 0.9337 1.0865 1.1786 1.2098 1.1802 1.0898 0.9386 0.7365 0.4537 0.1200 0.0000 0.0000 0.0000 0.0000 0.0000 0.0000 0.0000 0.0000 0.0000 0.3600 0.6400 0.8400 0.9600 1.0000 0.9600
0.0000 0.0000 0.0000 0.1020 0.2041 0.2653 0.2857 0.2931 0.2141 0.2620 0.2900 0.4000 0.4900 0.5600 0.6100 0.6400 0.7520 0.8441 0.9153 0.9557 0.9153 0.7941 0.5920 0.3500 0.1700 0.1100 0.0400 0.0000 0.0000 0.0000 0.0000 0.0000 0.0000 0.0400 0.4000 0.6800 0.8800 1.0000 1.0400 1.0000
0.0000 0.0000 0.0000 0.0000 0.0000 0.0000 0.0204 0.0000 0.0000 0.0300 0.1600 0.2700 0.3600 0.4300 0.4800 0.5100 0.5300 0.6300 0.6900 0.7304 0.6900 0.6300 0.5300 0.3900 0.3300 0.2800 0.2100 0.1200 0.0100 0.0000 0.0000 0.0000 0.0000 0.0000 0.3600 0.6400 0.8400 0.9600 1.0000 0.9600
0.0000 0.0000 0.0000 0.0000 0.0000 0.0000 0.0000 0.0000 0.0000 0.0000 0.0100 0.1200 0.2100 0.2800 0.3300 0.3900 0.5300 0.6300 0.6900 0.7100 0.6900 0.6300 0.5300 0.5100 0.4800 0.4300 0.3600 0.2700 0.1600 0.0300 0.0000 0.0000 0.0000 0.0000 0.2400 0.5200 0.7200 0.9420 1.0841 1.1053
0.0000 0.0000 0.0000 0.0000 0.0000 0.0000 0.0000 0.0000 0.0000 0.0000 0.0000 0.0000 0.0400 0.1100 0.1700 0.3500 0.4900 0.5900 0.6500 0.6700 0.6500 0.6400 0.6500 0.6400 0.6100 0.5600 0.4900 0.4000 0.2900 0.1600 0.0100 0.0000 0.0000 0.0000 0.0400 0.3200 0.7037 0.9665 1.1086 1.1298
0.0000 0.0000 0.0000 0.0000 0.0000 0.0000 0.0000 0.0000 0.0000 0.0000 0.0000 0.0000 0.0000 0.0000 0.1200 0.2700 0.4100 0.5100 0.6000 0.6700 0.7200 0.7500 0.7600 0.7500 0.7200 0.6700 0.6000 0.5100 0.4000 0.2700 0.1200 0.0000 0.0000 0.0000 0.0000 0.2237 0.6073 0.8702 1.0122 1.0335
0.0000 0.0000 0.0000 0.0000 0.0000 0.0000 0.0000 0.0000 0.0000 0.0000 0.0000 0.0000 0.0000 0.0400 0.2100 0.3600 0.4900 0.6000 0.6900 0.7600 0.8100 0.8400 0.8500 0.8400 0.8100 0.7600 0.6900 0.6000 0.4900 0.3600 0.2100 0.0400 0.0000 0.0000 0.1020 0.3265 0.5102 0.6531 0.7951 0.8163
0.0000 0.0000 0.0000 0.0000 0.0000 0.0000 0.0000 0.0000 0.0000 0.0000 0.0000 0.0000 0.0000 0.1100 0.2800 0.4300 0.5600 0.6700 0.7600 0.8300 0.8800 0.9100 0.9200 0.9100 0.8800 0.8300 0.7600 0.6700 0.5600 0.4300 0.2800 0.1100 0.0000 0.0000 0.2041 0.4286 0.6122 0.7551 0.8571 0.9184
0.0000 0.0000 0.0000 0.0000 0.0000 0.0000 0.0000 0.0000 0.0000 0.0000 0.0000 0.0000 0.0000 0.1600 0.3300 0.4800 0.6100 0.7200 0.8100 0.8800 0.9300 0.9600 0.9700 0.9600 0.9300 0.8800 0.8100 0.7200 0.6100 0.4800 0.3300 0.1600 0.0000 0.0000 0.2653 0.4898 0.6735 0.8163 0.9184 0.9796
0.0000 0.0000 0.0000 0.0000 0.0000 0.0000 0.0000 0.0000 0.0000 0.0000 0.0000 0.0000 0.0000 0.1900 0.3600 0.5100 0.6400 0.7500 0.8400 0.9100 0.9600 0.9900 1.0000 0.9900 0.9600 0.9100 0.8400 0.7500 0.6400 0.5100 0.3600 0.1900 0.0000 0.0204 0.2857 0.5102 0.6939 0.8367 0.9388 1.0000
0.0000 0.0000 0.0000 0.0000 0.0000 0.0000 0.0000 0.0000 0.0000 0.0000 0.0000 0.0000 0.0100 0.2000 0.3700 0.5200 0.6500 0.7600 0.8500 0.9200 0.9700 1.0000 1.0100 1.0000 0.9700 0.9200 0.8500 0.7600 0.6500 0.5200 0.3700 0.2000 0.0100 0.0204 0.2653 0.4898 0.6735 0.8163 0.9184 0.9796
0.0000 0.0000 0.0000 0.0000 0.0000 0.0000 0.0000 0.0000 0.0000 0.0000 0.0000 0.0000 0.0000 0.1900 0.3600 0.5100 0.6400 0.7500 0.8400 0.9100 0.9600 0.9900 1.0000 0.9900 0.9600 0.9100 0.8400 0.7500 0.6400 0.5100 0.4620 0.3941 0.2653 0.2857 0.4694 0.6327 0.7143 0.7551 0.8571 0.9184
0.0000 0.0000 0.0000 0.0000 0.0000 0.0000 0.0000 0.0000 0.0000 0.0000 0.0000 0.0000 0.0000 0.1600 0.3300 0.4800 0.6100 0.7200 0.8100 0.8800 0.9300 0.9600 0.9700 0.9600 0.9300 0.8800 0.8100 0.7200 0.6100 0.6637 0.6565 0.5886 0.4898 0.5102 0.5918 0.7551 0.8367 0.8367 0.7551 0.8163
0.0000 0.0000 0.0000 0.0000 0.0000 0.0000 0.0000 0.0000 0.0000 0.0000 0.0000 0.0000 0.0000 0.1100 0.2800 0.4300 0.5600 0.6700 0.7600 0.8300 0.8800 0.9100 0.9200 0.9100 0.8800 0.8300 0.7600 0.6700 0.7437 0.7973 0.7902 0.7222 0.6735 0.6939 0.6735 0.7959 0.8776 0.8776 0.7959 0.6735
0.0000 0.0000 0.0000 0.0000 0.0000 0.0000 0.0000 0.0000 0.0000 0.0000 0.0000 0.0000 0.0000 0.0400 0.2100 0.3600 0.4900 0.6000 0.6900 0.7600 0.8100 0.8400 0.8500 0.8400 0.8100 0.7600 0.6900 0.7020 0.8165 0.8702 0.8631 0.7951 0.8163 0.8367 0.8163 0.7551 0.8367 0.8367 0.7551 0.5918
0.0000 0.0000 0.0000 0.0000 0.0000 0.0000 0.0000 0.0000 0.0000 0.0000 0.0000 0.0000 0.0000 0.0000 0.1200 0.2700 0.4000 0.5100 0.6000 0.6700 0.7200 0.7500 0.7600 0.7500 0.7200 0.6700 0.6000 0.7141 0.8286 0.8822 0.8751 0.8571 0.9184 0.9388 0.9184 0.8571 0.7551 0.7143 0.6327 0.4694
0.0000 0.0000 0.0000 0.0000 0.0000 0.0000 0.0000 0.0000 0.0000 0.0000 0.0000 0.0000 0.0000 0.0000 0.0100 0.1600 0.2900 0.4000 0.4900 0.5600 0.6100 0.6400 0.6500 0.6400 0.6100 0.5600 0.4900 0.6653 0.7798 0.8335 0.8263 0.9184 0.9796 1.0000 0.9796 0.9184 0.8163 0.6735 0.4898 0.2653
0.0000 0.0000 0.0000 0.0000 0.0000 0.0000 0.0000 0.0000 0.0000 0.0000 0.0000 0.0000 0.0000 0.0000 0.0000 0.0300 0.1600 0.2700 0.3600 0.4300 0.4800 0.5100 0.5200 0.5100 0.4800 0.4300 0.3804 0.5557 0.6702 0.7239 0.8367 0.9544 1.0000 1.0204 1.0000 0.9388 0.8367 0.6939 0.5102 0.2857
0.0000 0.0000 0.0000 0.0000 0.0000 0.0000 0.0000 0.0000 0.0000 0.0000 0.0000 0.0000 0.0000 0.0000 0.0000 0.0000 0.0100 0.1200 0.2100 0.2800 0.3300 0.3600 0.3700 0.3600 0.3300 0.2800 0.2100 0.3853 0.6092 0.8610 1.0507 1.1684 1.2140 1.1875 1.0890 0.9184 0.8163 0.6735 0.4898 0.2653
0.0000 0.0000 0.0000 0.0000 0.0000 0.0000 0.0000 0.0000 0.0000 0.0000 0.0000 0.0000 0.0000 0.0000 0.0000 0.0000 0.0000 0.0000 0.0400 0.1100 0.1600 0.1900 0.2000 0.1900 0.1600 0.1100 0.1025 0.4072 0.7411 1.0029 1.1926 1.3103 1.3559 1.3294 1.2309 1.0603 0.8176 0.6122 0.4286 0.2041
0.0000 0.0000 0.0000 0.0000 0.0000 0.0000 0.0000 0.0000 0.0000 0.0000 0.0000 0.0000 0.0000 0.0000 0.0000 0.0000 0.0000 0.0000 0.0000 0.0000 0.0000 0.0000 0.0100 0.0000 0.0000 0.0625 0.2344 0.4770 0.8109 1.0727 1.2624 1.3801 1.4257 1.3992 1.3007 1.1301 0.8874 0.5727 0.3265 0.1020
0.0000 0.0000 0.0000 0.0000 0.0000 0.0000 0.0000 0.0000 0.0000 0.0000 0.0000 0.0000 0.0000 0.0000 0.0000 0.0000 0.0000 0.0000 0.0000 0.0000 0.0000 0.0000 0.0000 0.0000 0.0000 0.2031 0.3750 0.5156 0.8087 1.0705 1.2602 1.3779 1.4235 1.3970 1.2985 1.1279 0.8852 0.5705 0.1837 0.0000
0.0000 0.0000 0.0000 0.0000 0.0000 0.0000 0.0000 0.0000 0.0000 0.0000 0.0000 0.0000 0.0000 0.0000 0.0000 0.0000 0.0000 0.0000 0.0000 0.0000 0.0000 0.0000 0.0000 0.0000 0.1094 0.3125 0.4844 0.6250 0.7344 0.9962 1.1859 1.3036 1.3492 1.3227 1.2242 1.0536 0.8109 0.4962 0.1094 0.0000
0.0000 0.0000 0.0000 0.0000 0.0000 0.0000 0.0000 0.0000 0.0000 0.0000 0.0000 0.0000 0.0000 0.0000 0.0000 0.0000 0.0000 0.0000 0.0000 0.0000 0.0000 0.0000 0.0000 0.0000 0.1875 0.3906 0.5625 0.7031 0.8125 0.8906 1.0395 1.1572 1.2028 1.1763 1.0778 0.9072 0.6645 0.3906 0.1875 0.0000
