0.0000 0.1235 0.2593 0.3704 0.4568 0.5185 0.5556 0.5679 0.5556 0.5185 0.4568 0.3704 0.2593 0.1235 0.0000 0.0000 0.0000 0.0000 0.0000 0.0000 0.0000 0.0000 0.0000 0.0000 0.0000 0.0000 0.0000 0.0000 0.0000 0.0000 0.0000 0.0000 0.0000 0.0000 0.0000 0.0000 0.0000 0.0000 0.0000 0.0000
0.0988 0.2593 0.3951 0.5062 0.5926 0.6543 0.6914 0.7037 0.6914 0.6543 0.5926 0.5062 0.3951 0.2593 0.0988 0.0000 0.0000 0.0000 0.0000 0.0000 0.0000 0.0000 0.0000 0.0000 0.0000 0.0000 0.0000 0.0000 0.0000 0.0000 0.0000 0.0000 0.0000 0.0000 0.0000 0.0000 0.0000 0.0000 0.0000 0.0000
0.2099 0.3704 0.5062 0.6173 0.7037 0.7654 0.8025 0.8148 0.8025 0.7654 0.7037 0.6173 0.5062 0.3704 0.2099 0.0247 0.0000 0.0000 0.0000 0.0000 0.0000 0.0000 0.0000 0.0000 0.0000 0.0000 0.0000 0.0000 0.0000 0.0000 0.0000 0.0000 0.0000 0.0000 0.0000 0.0000 0.0000 0.0000 0.0000 0.0000
0.2963 0.4568 0.5926 0.7037 0.7901 0.8519 0.8889 0.9012 0.8889 0.8519 0.7901 0.7037 0.5926 0.4568 0.2963 0.1111 0.0000 0.0000 0.0000 0.0000 0.0000 0.0000 0.0000 0.0000 0.0000 0.0000 0.0000 0.0000 0.0000 0.0000 0.0000 0.0000 0.0000 0.0000 0.0000 0.0000 0.0000 0.0000 0.0000 0.0000
0.3580 0.5185 0.6543 0.7654 0.8519 0.9136 0.9506 0.9630 0.9506 0.9136 0.8519 0.7654 0.6543 0.5185 0.3580 0.1728 0.0000 0.0000 0.0000 0.0000 0.0000 0.0000 0.0000 0.0000 0.0000 0.0000 0.0000 0.0000 0.0000 0.0000 0.0000 0.0000 0.0000 0.0000 0.0000 0.0000 0.0000 0.0000 0.0000 0.0000
0.3951 0.5556 0.6914 0.8025 0.8889 0.9506 0.9877 1.0000 0.9877 0.9506 0.8889 0.8025 0.6914 0.5556 0.3951 0.2099 0.0000 0.0000 0.0000 0.0000 0.0000 0.0000 0.0000 0.0000 0.0000 0.0000 0.0000 0.0000 0.0000 0.0000 0.0000 0.0000 0.0000 0.0000 0.0000 0.0000 0.0000 0.0000 0.0000 0.0000
0.4074 0.5679 0.7037 0.8148 0.9012 0.9630 1.0000 1.0123 1.0000 0.9753 0.9012 0.8148 0.7037 0.5679 0.4074 0.2222 0.0123 0.0000 0.0000 0.0000 0.0000 0.0000 0.0000 0.0000 0.0000 0.0000 0.0000 0.0000 0.0000 0.0000 0.0000 0.0000 0.0000 0.0000 0.0000 0.0000 0.0000 0.0000 0.0000 0.0000
0.3951 0.5556 0.6914 0.8025 0.8889 0.9753 1.0988 1.1728 1.1975 1.1728 1.0988 0.9753 0.8025 0.5802 0.3951 0.2099 0.0000 0.0000 0.0000 0.0000 0.0000 0.0000 0.0000 0.0000 0.0000 0.0000 0.0000 0.0000 0.0000 0.0000 0.0000 0.0000 0.0000 0.0000 0.0000 0.0000 0.0000 0.0000 0.0000 0.0000
0.3580 0.5185 0.6543 0.7654 0.9506 1.1235 1.2469 1.3210 1.3457 1.3333 1.2469 1.1235 0.9506 0.7284 0.4568 0.1728 0.0000 0.0000 0.0000 0.0000 0.0000 0.0000 0.0000 0.0000 0.0000 0.0000 0.0000 0.0000 0.0000 0.0000 0.0000 0.0000 0.0000 0.0000 0.0000 0.0000 0.0000 0.0000 0.0000 0.0000
0.2963 0.4568 0.5926 0.8272 1.0494 1.2469 1.4568 1.5926 1.6543 1.6420 1.5556 1.3951 1.1605 0.8519 0.5556 0.2346 0.0000 0.0000 0.0000 0.0000 0.0000 0.0000 0.0000 0.0000 0.0000 0.0000 0.0000 0.0000 0.0000 0.0000 0.0000 0.0000 0.0000 0.0000 0.0000 0.0000 0.0000 0.0000 0.0000 0.0000
0.2099 0.3704 0.6049 0.8765 1.1975 1.4815 1.6914 1.8272 1.8889 1.8765 1.7901 1.6296 1.3951 1.0864 0.7037 0.2840 0.0988 0.0000 0.0000 0.0000 0.0000 0.0000 0.0000 0.0000 0.0000 0.0000 0.0000 0.0000 0.0000 0.0000 0.0000 0.0000 0.0000 0.0000 0.0000 0.0000 0.0000 0.0000 0.0000 0.0000
0.0988 0.2840 0.6049 1.0000 1.3580 1.6420 1.8519 1.9877 2.0494 2.0370 1.9506 1.7901 1.5556 1.2469 0.8642 0.4938 0.2099 0.0247 0.0000 0.0000 0.0000 0.0000 0.0000 0.0000 0.0000 0.0000 0.0000 0.0000 0.0000 0.0000 0.0000 0.0000 0.0000 0.0000 0.0000 0.0000 0.0000 0.0000 0.0000 0.0000
0.0000 0.2346 0.6543 1.0864 1.4444 1.7284 1.9383 2.0741 2.1358 2.1235 2.0370 1.8765 1.6420 1.3333 0.9877 0.7160 0.3951 0.1111 0.0000 0.0000 0.0000 0.0000 0.0000 0.0000 0.0000 0.0000 0.0000 0.0000 0.0000 0.0000 0.0000 0.0000 0.0000 0.0000 0.0000 0.0000 0.0000 0.0000 0.0000 0.0000
0.0000 0.1975 0.6667 1.0988 1.4568 1.7407 1.9506 2.1264 2.1481 2.1358 2.0494 1.8889 1.6543 1.3827 1.1605 0.8889 0.5679 0.1975 0.0000 0.0000 0.0000 0.0000 0.0000 0.0000 0.0000 0.0000 0.0000 0.0000 0.0000 0.0000 0.0000 0.0000 0.0000 0.0000 0.0000 0.0000 0.0000 0.0000 0.0000 0.0000
0.0000 0.3210 0.6914 1.0370 1.4351 1.9190 2.2489 2.4247 2.4464 2.3141 2.0277 1.8272 1.6790 1.5062 1.2840 1.0123 0.6914 0.3210 0.0000 0.0000 0.0000 0.0000 0.0000 0.0000 0.0000 0.0000 0.0000 0.0000 0.0000 0.0000 0.0000 0.0000 0.0000 0.0000 0.0000 0.0000 0.0000 0.0000 0.0000 0.0000
0.0123 0.3951 0.7654 1.1264 1.6780 2.1002 2.3931 2.5689 2.5906 2.4953 2.2706 1.9165 1.7531 1.5802 1.3580 1.0864 0.7654 0.3951 0.0123 0.0000 0.0000 0.0000 0.0000 0.0000 0.0000 0.0000 0.0000 0.0000 0.0000 0.0000 0.0000 0.0000 0.0000 0.0000 0.0000 0.0000 0.0000 0.0000 0.0000 0.0000
0.0400 0.4198 0.7901 1.3511 1.9027 2.3249 2.6178 2.7812 2.8153 2.7200 2.4953 2.1412 1.7778 1.6049 1.3827 1.1111 0.7901 0.4198 0.0000 0.0000 0.0000 0.0000 0.0000 0.0000 0.0000 0.0000 0.0000 0.0000 0.0000 0.0000 0.0000 0.0000 0.0000 0.0000 0.0000 0.0000 0.0000 0.0000 0.0000 0.0000
0.4123 0.7551 1.0054 1.4864 1.9980 2.4202 2.7131 2.8765 2.9106 2.8030 2.5906 2.2365 1.7531 1.5802 1.3580 1.0864 0.7654 0.3951 0.0123 0.0000 0.0000 0.0000 0.0000 0.0000 0.0000 0.0000 0.0000 0.0000 0.0000 0.0000 0.0000 0.0000 0.0000 0.0000 0.0000 0.0000 0.0000 0.0000 0.0000 0.0000
0.6800 0.9610 1.2514 1.7323 2.0040 2.3862 2.6790 2.8425 2.8765 2.7912 2.5565 2.2025 1.7190 1.5062 1.2840 1.0123 0.6914 0.3210 0.0000 0.0000 0.0000 0.0000 0.0000 0.0000 0.0000 0.0000 0.0000 0.0000 0.0000 0.0000 0.0000 0.0000 0.0000 0.0000 0.0000 0.0000 0.0000 0.0000 0.0000 0.0000
0.8800 1.0375 1.2879 1.7689 2.0405 2.2627 2.6256 2.8390 2.9031 2.8178 2.5831 2.1990 1.6656 1.4227 1.1605 0.8889 0.5679 0.1975 0.0000 0.0000 0.0000 0.0000 0.0000 0.0000 0.0000 0.0000 0.0000 0.0000 0.0000 0.0000 0.0000 0.0000 0.0000 0.0000 0.0000 0.0000 0.0000 0.0000 0.0000 0.0000
1.0000 1.0711 1.2351 1.6060 1.9877 2.1399 2.5027 2.7162 2.7802 2.6949 2.4602 2.0762 1.6627 1.4199 1.1077 0.7260 0.3951 0.1111 0.0000 0.0000 0.0000 0.0000 0.0000 0.0000 0.0000 0.0000 0.0000 0.0000 0.0000 0.0000 0.0000 0.0000 0.0000 0.0000 0.0000 0.0000 0.0000 0.0000 0.0000 0.0000
1.0400 1.0247 1.1199 1.3738 1.7554 1.9077 2.2305 2.4440 2.5080 2.4227 2.1880 1.8040 1.5905 1.3477 1.0354 0.6538 0.2399 0.0247 0.0000 0.0000 0.0000 0.0000 0.0000 0.0000 0.0000 0.0000 0.0000 0.0000 0.0000 0.0000 0.0000 0.0000 0.0000 0.0000 0.0000 0.0000 0.0000 0.0000 0.0000 0.0000
1.0000 0.9700 1.0988 1.1893 1.2938 1.4460 1.8089 2.0223 2.0864 2.0011 1.7664 1.6501 1.4489 1.2060 0.8938 0.5493 0.2588 0.0304 0.0000 0.0000 0.0000 0.0000 0.0000 0.0000 0.0000 0.0000 0.0000 0.0000 0.0000 0.0000 0.0000 0.0000 0.0000 0.0000 0.0000 0.0000 0.0000 0.0000 0.0000 0.0000
0.8800 0.9600 0.9900 1.0435 1.0093 0.9951 1.2379 1.4514 1.5988 1.7723 1.8210 1.7447 1.5435 1.2173 0.9546 0.7275 0.5353 0.4057 0.2653 0.2041 0.1020 0.0000 0.0000 0.0000 0.0000 0.0000 0.0000 0.0000 0.0000 0.0000 0.0000 0.0000 0.0000 0.0000 0.0000 0.0000 0.0000 0.0000 0.0000 0.0000
0.7200 0.8500 0.8800 0.8100 0.7388 0.8999 1.0563 1.3069 1.5684 1.7420 1.7906 1.7514 1.6119 1.5558 1.3586 1.0575 0.8498 0.7202 0.5298 0.4286 0.3265 0.1837 0.0000 0.0000 0.0000 0.0000 0.0000 0.0000 0.0000 0.0000 0.0000 0.0000 0.0000 0.0000 0.0000 0.0000 0.0000 0.0000 0.0000 0.0000
0.5100 0.6400 0.6700 0.6000 0.6700 0.7847 1.0244 1.3862 1.6477 1.8089 1.8699 1.8306 1.8748 1.8187 1.7080 1.5056 1.1868 0.9739 0.7835 0.6122 0.5102 0.3673 0.1837 0.0000 0.0000 0.0000 0.0000 0.0000 0.0000 0.0000 0.0000 0.0000 0.0000 0.0000 0.0000 0.0000 0.0000 0.0000 0.0000 0.0000
0.2000 0.3300 0.4800 0.6100 0.7200 0.8100 1.1022 1.4022 1.6267 1.7879 1.8489 1.9487 2.0954 2.1258 2.0397 1.8373 1.5185 1.1667 0.9763 0.7551 0.6531 0.5102 0.3265 0.1020 0.0000 0.0000 0.0000 0.0000 0.0000 0.0000 0.0000 0.0000 0.0000 0.0000 0.0000 0.0000 0.0000 0.0000 0.0000 0.0000
0.1900 0.3600 0.5100 0.6400 0.7500 0.8400 1.2156 1.5156 1.7400 1.8889 1.9622 2.1641 2.3108 2.3411 2.2551 2.0527 1.7339 1.2988 1.1084 0.8571 0.7551 0.6122 0.4286 0.2041 0.0000 0.0000 0.0000 0.0000 0.0000 0.0000 0.0000 0.0000 0.0000 0.0000 0.0000 0.0000 0.0000 0.0000 0.0000 0.0000
0.2000 0.3700 0.5200 0.6500 0.7804 0.8778 1.2533 1.5533 1.7778 1.9267 2.0000 2.2631 2.4098 2.4401 2.3541 2.1517 1.8329 1.3978 1.1796 0.9284 0.8163 0.6735 0.4898 0.2653 0.0000 0.0000 0.0000 0.0000 0.0000 0.0000 0.0000 0.0000 0.0000 0.0000 0.0000 0.0000 0.0000 0.0000 0.0000 0.0000
0.1900 0.4620 0.7141 0.9053 1.0357 1.1053 1.4196 1.6176 1.7400 1.8889 1.9826 2.2457 2.3924 2.4228 2.3367 2.1343 1.8156 1.3804 1.1900 0.9388 0.8367 0.6939 0.5102 0.2857 0.0204 0.0000 0.0000 0.0000 0.0000 0.0000 0.0000 0.0000 0.0000 0.0000 0.0000 0.0000 0.0000 0.0000 0.0000 0.0000
0.3437 0.6565 0.9086 1.0998 1.2302 1.2998 1.5308 1.7288 1.8103 1.7756 1.8489 2.1120 2.2587 2.2890 2.2030 2.0006 1.6818 1.3300 1.1396 0.9184 0.8163 0.6735 0.4898 0.2653 0.0000 0.0000 0.0000 0.0000 0.0000 0.0000 0.0000 0.0000 0.0000 0.0000 0.0000 0.0000 0.0000 0.0000 0.0000 0.0000
0.4773 0.7902 1.0422 1.2335 1.3639 1.4335 1.5256 1.7235 1.8051 1.7703 1.6600 1.8619 2.0086 2.0389 1.9529 1.7505 1.4317 1.2188 1.0284 0.8571 0.7551 0.6122 0.4286 0.2041 0.0000 0.0000 0.0000 0.0000 0.0000 0.0000 0.0000 0.0000 0.0000 0.0000 0.0000 0.0000 0.0000 0.0000 0.0000 0.0000
0.5502 0.8631 1.1151 1.3063 1.4367 1.5063 1.5151 1.6020 1.6835 1.6488 1.4976 1.4954 1.6421 1.6724 1.5864 1.3840 1.1763 1.0467 0.8563 0.7551 0.6531 0.5102 0.3265 0.1020 0.0000 0.0000 0.0000 0.0000 0.0000 0.0000 0.0000 0.0000 0.0000 0.0000 0.0000 0.0000 0.0000 0.0000 0.0000 0.0000
0.6122 0.8751 1.1271 1.3184 1.4488 1.5184 1.5271 1.4751 1.4456 1.4108 1.2596 1.0533 1.1592 1.1896 1.1035 1.0122 0.9435 0.8139 0.6735 0.6122 0.5102 0.3673 0.1837 0.0000 0.0000 0.0000 0.0000 0.0000 0.0000 0.0000 0.0000 0.0000 0.0000 0.0000 0.0000 0.0000 0.0000 0.0000 0.0000 0.0000
0.6735 0.8263 1.0784 1.2696 1.4000 1.4696 1.4784 1.4263 1.3135 1.1398 0.9053 0.6378 0.5600 0.6737 0.7265 0.7186 0.6498 0.5202 0.4898 0.4286 0.3265 0.1837 0.0000 0.0000 0.0000 0.0000 0.0000 0.0000 0.0000 0.0000 0.0000 0.0000 0.0000 0.0000 0.0000 0.0000 0.0000 0.0000 0.0000 0.0000
0.6939 0.8367 0.9688 1.1600 1.2904 1.3600 1.3688 1.3167 1.2039 1.0302 0.7957 0.5004 0.4300 0.3600 0.3720 0.3641 0.2953 0.2857 0.2653 0.2041 0.1020 0.0000 0.0000 0.0000 0.0000 0.0000 0.0000 0.0000 0.0000 0.0000 0.0000 0.0000 0.0000 0.0000 0.0000 0.0000 0.0000 0.0000 0.0000 0.0000
0.6735 0.8163 0.9184 0.9896 1.1200 1.1896 1.1984 1.1463 1.0335 0.8598 0.6253 0.3300 0.2800 0.2100 0.1200 0.0100 0.0000 0.0204 0.0000 0.0000 0.0000 0.0000 0.0000 0.0000 0.0000 0.0000 0.0000 0.0000 0.0000 0.0000 0.0000 0.0000 0.0000 0.0000 0.0000 0.0000 0.0000 0.0000 0.0000 0.0000
0.6122 0.7551 0.8571 0.9184 0.9388 0.9584 0.9671 0.9151 0.8022 0.6286 0.3941 0.1600 0.1100 0.0400 0.0000 0.0000 0.0000 0.0000 0.0000 0.0000 0.0000 0.0000 0.0000 0.0000 0.0000 0.0000 0.0000 0.0000 0.0000 0.0000 0.0000 0.0000 0.0000 0.0000 0.0000 0.0000 0.0000 0.0000 0.0000 0.0000
0.5102 0.6531 0.7551 0.8163 0.8367 0.8163 0.7551 0.6531 0.5102 0.3365 0.1020 0.0000 0.0000 0.0000 0.0000 0.0000 0.0000 0.0000 0.0000 0.0000 0.0000 0.0000 0.0000 0.0000 0.0000 0.0000 0.0000 0.0000 0.0000 0.0000 0.0000 0.0000 0.0000 0.0000 0.0000 0.0000 0.0000 0.0000 0.0000 0.0000
0.3673 0.5102 0.6122 0.6735 0.6939 0.6735 0.6122 0.5102 0.3673 0.1837 0.0000 0.0000 0.0000 0.0000 0.0000 0.0000 0.0000 0.0000 0.0000 0.0000 0.0000 0.0000 0.0000 0.0000 0.0000 0.0000 0.0000 0.0000 0.0000 0.0000 0.0000 0.0000 0.0000 0.0000 0.0000 0.0000 0.0000 0.0000 0.0000 0.0000
