0.5156 0.6250 0.7031 0.7500 0.7656 0.7500 0.7031 0.6250 0.5156 0.3750 0.2031 0.0000 0.0000 0.0000 0.0000 0.0000 0.0000 0.0000 0.0000 0.0000 0.0000 0.0000 0.0000 0.0000 0.0000 0.0000 0.0000 0.0000 0.0000 0.0000 0.0000 0.0000 0.0000 0.0000 0.0000 0.0000 0.0000 0.0000 0.0000 0.0000
0.6250 0.7344 0.8125 0.8594 0.8750 0.8594 0.8125 0.7344 0.6250 0.4844 0.3125 0.1094 0.0000 0.0000 0.0000 0.0000 0.0000 0.0000 0.0000 0.0000 0.0000 0.0000 0.0000 0.0000 0.0000 0.0000 0.0000 0.0000 0.0000 0.0000 0.0000 0.0000 0.0000 0.0000 0.0000 0.0000 0.0000 0.0000 0.0000 0.0000
0.7031 0.8125 0.8906 0.9375 0.9531 0.9375 0.8906 0.8125 0.7031 0.5625 0.3906 0.1875 0.0000 0.0000 0.0000 0.0000 0.0000 0.0000 0.0000 0.0000 0.0000 0.0000 0.0000 0.0000 0.0000 0.0000 0.0000 0.0000 0.0000 0.0000 0.0000 0.0000 0.0000 0.0000 0.0000 0.0000 0.0000 0.0000 0.0000 0.0000
0.7500 0.8594 0.9375 0.9844 1.0000 0.9844 0.9375 0.8594 0.7500 0.6094 0.4375 0.2344 0.0000 0.0000 0.0000 0.0000 0.0000 0.0000 0.0000 0.0000 0.0000 0.0000 0.0000 0.0000 0.0000 0.0000 0.0000 0.0000 0.0000 0.0000 0.0000 0.0000 0.0000 0.0000 0.0000 0.0000 0.0000 0.0000 0.0000 0.0000
0.7656 0.8750 0.9531 1.0000 1.0156 1.0000 0.9531 0.8750 0.7656 0.6250 0.4531 0.2500 0.0156 0.0000 0.0000 0.0000 0.0100 0.0000 0.0000 0.0000 0.0000 0.0000 0.0000 0.0000 0.0000 0.0000 0.0000 0.0000 0.0000 0.0000 0.0000 0.0000 0.0000 0.0000 0.0000 0.0000 0.0000 0.0000 0.0000 0.0000
0.7500 0.8594 0.9375 0.9844 1.0000 0.9844 0.9375 0.8594 0.7500 0.6094 0.4375 0.2344 0.0400 0.1100 0.1600 0.1900 0.2000 0.1900 0.1600 0.1100 0.0400 0.0000 0.0000 0.0000 0.0000 0.0000 0.0000 0.0000 0.0000 0.0000 0.0000 0.0000 0.0000 0.0000 0.0000 0.0000 0.0000 0.0000 0.0000 0.0000
0.7031 0.8125 0.8906 0.9375 0.9531 0.9375 0.8906 0.8125 0.7031 0.5625 0.4006 0.3075 0.2100 0.2800 0.3300 0.3600 0.3700 0.3600 0.3300 0.2800 0.2100 0.1200 0.0100 0.0000 0.0000 0.0000 0.0000 0.0000 0.0000 0.0000 0.0000 0.0000 0.0000 0.0000 0.0000 0.0000 0.0000 0.0000 0.0000 0.0000
0.6250 0.7344 0.8125 0.8594 0.8750 0.8594 0.8125 0.7344 0.6250 0.5144 0.4725 0.3794 0.3600 0.4300 0.4800 0.5100 0.5200 0.5100 0.4800 0.4300 0.3600 0.2700 0.1600 0.0300 0.0000 0.0000 0.0000 0.0000 0.0000 0.0000 0.0000 0.0000 0.0000 0.0000 0.0000 0.0000 0.0000 0.0000 0.0000 0.0000
0.5156 0.6528 0.7031 0.7500 0.7656 0.7500 0.7031 0.6250 0.5256 0.5350 0.4931 0.4000 0.4900 0.5600 0.6100 0.6400 0.6500 0.6400 0.6100 0.5600 0.4900 0.4000 0.2900 0.1600 0.0100 0.0000 0.0000 0.0000 0.0000 0.0000 0.0000 0.0000 0.0000 0.0000 0.0000 0.0000 0.0000 0.0000 0.0000 0.0000
0.6806 0.8177 0.8681 0.8316 0.7083 0.6094 0.5625 0.4844 0.4950 0.5044 0.4625 0.5100 0.6000 0.6700 0.7200 0.7500 0.7600 0.7500 0.7200 0.6700 0.6000 0.5100 0.4000 0.2700 0.1200 0.0000 0.0000 0.0000 0.0000 0.0000 0.0000 0.0000 0.0000 0.0000 0.0000 0.0000 0.0000 0.0000 0.0000 0.0000
0.7587 0.8958 0.9462 0.9097 0.7865 0.5764 0.3906 0.3525 0.4131 0.4225 0.4900 0.6000 0.6900 0.7600 0.8100 0.8400 0.8500 0.8400 0.8100 0.7600 0.6900 0.6000 0.4900 0.3600 0.2100 0.0400 0.0000 0.0000 0.0000 0.0000 0.0000 0.0000 0.0000 0.0000 0.0000 0.0000 0.0000 0.0000 0.0000 0.0000
0.7500 0.8872 0.9375 0.9010 0.7778 0.5677 0.2708 0.2194 0.2800 0.4300 0.5600 0.6700 0.7600 0.8300 0.8800 0.9100 0.9200 0.9100 0.8800 0.8300 0.7600 0.6700 0.5600 0.4300 0.2800 0.1100 0.0000 0.0000 0.0000 0.0000 0.0000 0.0000 0.0000 0.0000 0.0000 0.0000 0.0000 0.0000 0.0000 0.0000
0.8889 0.9167 0.8889 0.8056 0.6823 0.4722 0.2222 0.1600 0.3300 0.4800 0.6100 0.7200 0.8100 0.8800 0.9300 0.9600 0.9700 0.9600 0.9300 0.8800 0.8100 0.7200 0.6100 0.4800 0.3300 0.1600 0.0000 0.0000 0.0000 0.0000 0.0000 0.0000 0.0000 0.0000 0.0000 0.0000 0.0000 0.0000 0.0000 0.0000
0.9722 1.0000 0.9722 0.8889 0.7500 0.5556 0.3056 0.1900 0.3600 0.5100 0.6400 0.7500 0.8400 0.9100 0.9600 0.9900 1.0000 0.9900 0.9600 0.9100 0.8400 0.7500 0.6400 0.5100 0.3600 0.1900 0.0000 0.0000 0.0000 0.0000 0.0000 0.0000 0.0000 0.0000 0.0000 0.0000 0.0000 0.0000 0.0000 0.0000
1.0000 1.0278 1.0000 0.9167 0.7778 0.5833 0.3433 0.2278 0.3700 0.5200 0.6500 0.7600 0.8500 0.9200 0.9700 1.0000 1.0100 1.0000 0.9700 0.9200 0.8500 0.7600 0.6500 0.5200 0.3700 0.2000 0.0100 0.0000 0.0000 0.0000 0.0000 0.0000 0.0000 0.0000 0.0000 0.0000 0.0000 0.0000 0.0000 0.0000
0.9722 1.0000 0.9722 0.8889 0.7623 0.5556 0.3056 0.1900 0.3600 0.5100 0.6400 0.7500 0.8400 0.9100 0.9600 0.9900 1.0000 0.9900 0.9600 0.9100 0.8400 0.7500 0.6400 0.5100 0.3600 0.1900 0.0000 0.0000 0.0000 0.0000 0.0000 0.0000 0.0000 0.0000 0.0000 0.0000 0.0000 0.0000 0.0000 0.0000
0.9136 1.0278 1.0617 1.0154 0.8889 0.6821 0.3951 0.2711 0.3547 0.4800 0.6100 0.7200 0.8100 0.8800 0.9300 0.9600 0.9700 0.9600 0.9300 0.8800 0.8100 0.7200 0.6100 0.4800 0.3300 0.1600 0.0000 0.0000 0.0000 0.0000 0.0000 0.0000 0.0000 0.0000 0.0000 0.0000 0.0000 0.0000 0.0000 0.0000
0.9599 1.0741 1.1080 1.0617 0.9352 0.7284 0.4414 0.4063 0.4899 0.5288 0.5600 0.6700 0.7600 0.8300 0.8800 0.9100 0.9200 0.9100 0.8800 0.8300 0.7600 0.6700 0.5600 0.4300 0.2800 0.1100 0.0000 0.0000 0.0000 0.0000 0.0000 0.0000 0.0000 0.0000 0.0000 0.0000 0.0000 0.0000 0.0000 0.0000
0.9259 1.0401 1.0741 1.0278 0.9012 0.6944 0.5185 0.4968 0.5804 0.6193 0.6135 0.6000 0.6900 0.7600 0.8100 0.8604 0.8900 0.8400 0.8100 0.7600 0.6900 0.6000 0.4900 0.3600 0.2100 0.0400 0.0000 0.0000 0.0000 0.0000 0.0000 0.0000 0.0000 0.0000 0.0000 0.0000 0.0000 0.0000 0.0000 0.0000
0.8117 0.9259 0.9599 0.9136 0.7870 0.6914 0.6543 0.5926 0.6262 0.6651 0.6593 0.6088 0.7020 0.9141 1.2253 1.3957 1.4253 1.3141 1.0620 0.7100 0.6000 0.5100 0.4000 0.2700 0.1200 0.0000 0.0000 0.0000 0.0000 0.0000 0.0000 0.0000 0.0000 0.0000 0.0000 0.0000 0.0000 0.0000 0.0000 0.0000
0.6173 0.7315 0.7654 0.8025 0.8148 0.8025 0.7654 0.7037 0.6273 0.6662 0.6604 0.7936 0.8812 1.3086 1.6198 1.7902 1.8198 1.7086 1.4565 1.0637 0.5300 0.4000 0.2900 0.1600 0.0100 0.0000 0.0000 0.0000 0.0000 0.0000 0.0000 0.0000 0.0000 0.0000 0.0000 0.0000 0.0000 0.0000 0.0000 0.0000
0.7037 0.7901 0.8519 0.8889 0.9012 0.8889 0.8519 0.7901 0.7037 0.6226 0.8005 0.9336 1.2213 1.5622 1.8735 2.0439 2.0735 1.9622 1.7102 1.3173 0.7837 0.2700 0.1600 0.0300 0.0000 0.0000 0.0000 0.0000 0.0000 0.0000 0.0000 0.0000 0.0000 0.0000 0.0000 0.0000 0.0000 0.0000 0.0000 0.0000
0.7654 0.8519 0.9136 0.9506 0.9630 0.9506 0.9136 0.8519 0.7654 0.7564 0.8550 0.9882 1.3959 1.6751 1.9863 2.1567 2.1863 2.0751 1.8231 1.4302 0.8965 0.2220 0.0100 0.0100 0.0000 0.0000 0.0000 0.0000 0.0000 0.0000 0.0000 0.0000 0.0000 0.0000 0.0000 0.0000 0.0000 0.0000 0.0000 0.0000
0.8025 0.8889 0.9506 0.9877 1.0000 0.9877 0.9506 0.8889 0.8025 0.8954 0.9841 1.0473 1.4050 1.6471 1.9584 2.1288 2.1584 2.0471 1.7951 1.4422 0.9786 0.4041 0.1900 0.2000 0.1900 0.1600 0.1100 0.0400 0.0000 0.0000 0.0000 0.0000 0.0000 0.0000 0.0000 0.0000 0.0000 0.0000 0.0000 0.0000
0.8148 0.9012 0.9630 1.0000 1.0123 1.0000 0.9630 0.9012 0.8148 0.9690 1.0577 1.0809 1.3985 1.5707 1.8196 1.9600 1.9896 1.8884 1.7763 1.5235 1.1298 0.5953 0.3600 0.3700 0.3600 0.3300 0.2800 0.2100 0.1200 0.0100 0.0000 0.0000 0.0000 0.0000 0.0000 0.0000 0.0000 0.0000 0.0000 0.0000
0.8025 0.8889 0.9506 0.9877 1.0000 0.9877 0.9506 0.8889 0.8229 0.9771 1.0658 1.0889 1.2866 1.4588 1.7200 1.8604 1.9100 1.9388 1.8267 1.5739 1.1802 0.7657 0.5304 0.5200 0.5100 0.4800 0.4300 0.3600 0.2700 0.1600 0.0300 0.0000 0.0000 0.0000 0.0000 0.0000 0.0000 0.0000 0.0000 0.0000
0.7654 0.8519 0.9136 0.9506 0.9630 0.9506 0.9136 0.8519 0.7654 0.9196 1.0083 1.0315 1.0292 1.2384 1.4996 1.6500 1.8196 1.8484 1.7363 1.4835 1.0898 0.8753 0.6400 0.6500 0.6400 0.6100 0.5600 0.4900 0.4000 0.2900 0.1600 0.0100 0.0000 0.0000 0.0000 0.0000 0.0000 0.0000 0.0000 0.0000
0.7037 0.7901 0.8519 0.8889 0.9012 0.8889 0.8519 0.7901 0.7037 0.7967 0.8854 0.9085 0.8662 0.8971 1.1584 1.4188 1.5884 1.6171 1.5051 1.2522 1.0986 0.9241 0.7500 0.7600 0.7500 0.7200 0.6700 0.6000 0.5100 0.4000 0.2700 0.1200 0.0000 0.0000 0.0000 0.0000 0.0000 0.0000 0.0000 0.0000
0.6173 0.7037 0.7654 0.8025 0.8148 0.8025 0.7654 0.7037 0.6173 0.6082 0.6969 0.7201 0.6778 0.7551 0.8563 1.0467 1.2163 1.2451 1.2531 1.2002 1.0865 0.9220 0.8400 0.8500 0.8400 0.8100 0.7600 0.6900 0.6000 0.4900 0.3600 0.2100 0.0400 0.0000 0.0000 0.0000 0.0000 0.0000 0.0000 0.0000
0.5062 0.5926 0.6543 0.6914 0.7037 0.6914 0.6543 0.5926 0.5062 0.3951 0.4429 0.4661 0.5102 0.6122 0.7835 0.9739 1.1035 1.2122 1.2902 1.2873 1.2037 1.0800 1.1000 1.0800 1.0200 0.9200 0.8300 0.7600 0.6700 0.5600 0.4300 0.2800 0.1100 0.0000 0.0000 0.0000 0.0000 0.0156 0.0000 0.0000
0.3704 0.4568 0.5185 0.5556 0.5679 0.5556 0.5185 0.4568 0.3704 0.2593 0.1235 0.1837 0.3265 0.4286 0.6498 0.8502 1.0898 1.2486 1.3265 1.3237 1.2400 1.3000 1.3200 1.3000 1.2400 1.1400 1.0000 0.8200 0.7200 0.6100 0.4800 0.3300 0.1600 0.0000 0.1094 0.1875 0.2344 0.2500 0.2344 0.1875
0.2099 0.2963 0.3580 0.3951 0.4074 0.3951 0.3580 0.2963 0.2099 0.0988 0.0000 0.0000 0.1020 0.2041 0.4853 0.8057 1.0453 1.2041 1.2820 1.3200 1.4200 1.4800 1.5000 1.4800 1.4200 1.3200 1.1800 1.0000 0.7800 0.6400 0.5100 0.3600 0.2525 0.2031 0.3125 0.3906 0.4375 0.4531 0.4375 0.3906
0.0247 0.1111 0.1728 0.2099 0.2222 0.2099 0.1728 0.1111 0.0247 0.0000 0.0000 0.0000 0.0000 0.0200 0.3600 0.6804 0.9200 1.1400 1.3200 1.4600 1.5600 1.6200 1.6400 1.6200 1.5600 1.4600 1.3200 1.1400 0.9200 0.6600 0.5200 0.4325 0.4344 0.3850 0.4844 0.5625 0.6094 0.6250 0.6094 0.5625
0.0000 0.0000 0.0000 0.0000 0.0123 0.0000 0.0000 0.0000 0.0000 0.0000 0.0000 0.0000 0.0000 0.1200 0.4600 0.7600 1.0200 1.2400 1.4200 1.5600 1.6600 1.7200 1.7400 1.7200 1.6600 1.5600 1.4200 1.2400 1.0200 0.7600 0.5100 0.5631 0.5650 0.5156 0.6250 0.7031 0.7500 0.7656 0.7500 0.7031
0.0000 0.0000 0.0000 0.0000 0.0000 0.0000 0.0000 0.0000 0.0000 0.0000 0.0000 0.0000 0.0400 0.2100 0.5200 0.8200 1.0800 1.3000 1.4800 1.6200 1.7200 1.7800 1.8000 1.7800 1.7200 1.6200 1.4800 1.3000 1.0800 0.8200 0.6294 0.6425 0.6444 0.6250 0.7344 0.8125 0.8594 0.8750 0.8594 0.8125
0.0000 0.0000 0.0000 0.0000 0.0000 0.0000 0.0000 0.0000 0.0000 0.0000 0.0000 0.0000 0.1100 0.2800 0.5400 0.8400 1.1000 1.3200 1.5000 1.6400 1.7400 1.8000 1.8200 1.8000 1.7400 1.6400 1.5000 1.3200 1.1000 0.8400 0.7275 0.6706 0.6725 0.7031 0.8125 0.8906 0.9375 0.9531 0.9375 0.8906
0.0000 0.0000 0.0000 0.0000 0.0000 0.0000 0.0000 0.0000 0.0000 0.0000 0.0000 0.0000 0.1600 0.3300 0.5200 0.8200 1.0800 1.3000 1.4800 1.6200 1.7200 1.7800 1.8000 1.7800 1.7200 1.6200 1.4800 1.3000 1.0800 0.8200 0.7544 0.6475 0.6494 0.7500 0.8594 0.9375 0.9844 1.0000 0.9844 0.9375
0.0000 0.0000 0.0000 0.0000 0.0000 0.0000 0.0000 0.0000 0.0000 0.0000 0.0000 0.0000 0.1900 0.3600 0.5100 0.7600 1.0200 1.2400 1.4200 1.5600 1.6600 1.7200 1.7400 1.7200 1.6600 1.5600 1.4200 1.2400 1.0200 0.7756 0.7100 0.5731 0.6250 0.7656 0.8750 0.9531 1.0000 1.0156 1.0000 0.9531
0.0000 0.0000 0.0000 0.0000 0.0000 0.0000 0.0000 0.0000 0.0000 0.0000 0.0000 0.0100 0.2000 0.3700 0.5200 0.6600 0.9200 1.1400 1.3200 1.4600 1.5600 1.6100 1.6400 1.6200 1.5600 1.4600 1.3200 1.1400 0.9200 0.6600 0.5944 0.4575 0.6094 0.7500 0.8594 0.9375 0.9844 1.0000 0.9844 0.9375
0.0000 0.0000 0.0000 0.0000 0.0000 0.0000 0.0000 0.0000 0.0000 0.0000 0.0000 0.0000 0.1900 0.3600 0.5100 0.6400 0.7800 1.0000 1.1800 1.3200 1.4200 1.4800 1.5000 1.4800 1.4200 1.3200 1.1800 1.0000 0.7800 0.5200 0.4075 0.3906 0.5625 0.7031 0.8125 0.8906 0.9375 0.9531 0.9375 0.8906
