0.0000 0.0000 0.0000 0.0000 0.0000 0.0000 0.0000 0.0000 0.0000 0.0000 0.0000 0.0000 0.0000 0.0000 0.0000 0.0300 0.1600 0.2700 0.3600 0.5500 0.7500 0.9100 1.0300 1.1100 1.1500 1.1500 1.1100 1.0300 0.9100 0.7500 0.6700 0.6000 0.5223 0.4000 0.2700 0.1200 0.0000 0.0000 0.0000 0.0000
0.0000 0.0000 0.0000 0.0000 0.0000 0.0000 0.0000 0.0000 0.0000 0.0000 0.0000 0.0000 0.0000 0.0000 0.0100 0.1600 0.2900 0.4000 0.5300 0.7700 0.9700 1.1300 1.2500 1.3300 1.3700 1.3700 1.3300 1.2500 1.1547 1.0811 0.9428 0.8999 0.8222 0.6999 0.5328 0.3211 0.0647 0.0000 0.0000 0.0000
0.0000 0.0000 0.0000 0.0000 0.0000 0.0000 0.0000 0.0000 0.0000 0.0000 0.0000 0.0000 0.0000 0.0000 0.1200 0.2700 0.4000 0.5100 0.7100 0.9500 1.1500 1.3100 1.4300 1.5100 1.5500 1.5500 1.5100 1.5288 1.5199 1.4463 1.3080 1.1551 1.0774 0.9551 0.7880 0.5763 0.3199 0.0988 0.0000 0.0000
0.0000 0.0000 0.0000 0.0000 0.0000 0.0000 0.0000 0.0000 0.0000 0.0000 0.0000 0.0000 0.0000 0.0400 0.2100 0.3600 0.4900 0.6000 0.8500 1.0900 1.2900 1.4500 1.5700 1.6500 1.6900 1.6900 1.7735 1.8293 1.8204 1.7468 1.6085 1.4056 1.2879 1.1656 0.9985 0.7868 0.5304 0.2593 0.1235 0.0000
0.0000 0.0000 0.0000 0.0000 0.0000 0.0000 0.0000 0.0000 0.0000 0.0000 0.0000 0.0000 0.0000 0.1100 0.2800 0.4300 0.5600 0.6700 0.9500 1.1900 1.3900 1.5500 1.6700 1.7500 1.7900 1.8888 2.0093 2.0651 2.0562 1.9826 1.8443 1.6414 1.4537 1.3314 1.1643 0.9526 0.6962 0.3951 0.2593 0.0988
0.0000 0.0000 0.0000 0.0000 0.0000 0.0000 0.0000 0.0000 0.0000 0.0000 0.0000 0.0000 0.0000 0.1600 0.3300 0.4800 0.6100 0.7300 1.0100 1.2500 1.4500 1.6100 1.7300 1.8100 1.8747 2.0599 2.1804 2.2362 2.2273 2.1537 2.0154 1.8125 1.5748 1.4525 1.2854 1.0737 0.8173 0.5162 0.3704 0.2099
0.0000 0.0000 0.0000 0.0000 0.0000 0.0000 0.0000 0.0000 0.0000 0.0000 0.0000 0.0000 0.0000 0.1900 0.3600 0.5100 0.6400 0.7500 1.0300 1.2700 1.4700 1.6300 1.7500 1.8300 1.9811 2.1663 2.2868 2.3426 2.3337 2.2601 2.1219 1.9189 1.6512 1.5289 1.3619 1.1501 0.8937 0.7020 0.6443 0.5307
0.0000 0.0000 0.0000 0.0000 0.0000 0.0000 0.0000 0.0000 0.0000 0.0000 0.0000 0.0000 0.0100 0.2000 0.3700 0.5200 0.6500 0.7600 1.0100 1.2500 1.4500 1.6100 1.7300 1.8100 2.0228 2.2080 2.3285 2.3843 2.3754 2.3175 2.1636 1.9606 1.6930 1.5606 1.3936 1.2444 1.1286 0.9668 0.9091 0.7955
0.0000 0.0000 0.0000 0.0000 0.0000 0.0000 0.0000 0.0000 0.0000 0.0000 0.0000 0.0000 0.0000 0.1900 0.3600 0.5100 0.6400 0.7500 0.9500 1.1900 1.3900 1.5500 1.6700 1.7500 1.9999 2.1851 2.4149 2.5489 2.5868 2.5289 2.3750 2.1252 1.7794 1.5477 1.4431 1.4033 1.2875 1.1757 1.1181 1.0044
0.0000 0.0000 0.0000 0.0000 0.0000 0.0000 0.0000 0.0000 0.0000 0.0000 0.0000 0.0000 0.0000 0.1600 0.3300 0.4800 0.6100 0.7200 0.8500 1.0900 1.2900 1.4500 1.5700 1.6623 1.9747 2.3005 2.5304 2.6643 2.7023 2.6444 2.4905 2.2406 1.9248 1.6931 1.5886 1.4862 1.3704 1.3287 1.2710 1.1574
0.0000 0.0000 0.0000 0.0000 0.0000 0.0000 0.0000 0.0000 0.0000 0.0000 0.0000 0.0000 0.0000 0.1100 0.2800 0.4300 0.5600 0.6700 0.7600 0.9500 1.1500 1.3100 1.4300 1.5725 1.9943 2.3201 2.5499 2.6839 2.7218 2.6639 2.5100 2.2602 1.9944 1.8720 1.7675 1.5558 1.4275 1.4257 1.3681 1.2544
0.0000 0.0000 0.0000 0.0000 0.0000 0.0000 0.0000 0.0000 0.0000 0.0000 0.0000 0.0000 0.0000 0.0400 0.2100 0.3600 0.4900 0.6000 0.6900 0.7700 0.9700 1.1300 1.2500 1.5331 1.9178 2.2436 2.4735 2.6074 2.6454 2.5875 2.4336 2.1837 1.9880 1.9437 1.8392 1.6275 1.4686 1.4668 1.4091 1.2955
0.0000 0.0000 0.0000 0.0000 0.0000 0.0000 0.0000 0.0000 0.0000 0.0000 0.0000 0.0000 0.0000 0.0000 0.1200 0.2700 0.4000 0.5100 0.6000 0.6700 0.7500 0.9100 1.1394 1.4225 1.7455 2.0713 2.3012 2.4351 2.4731 2.4151 2.2612 2.0614 1.9056 1.9083 1.8037 1.7120 1.5631 1.4520 1.3943 1.2807
0.0000 0.0000 0.0000 0.0000 0.0000 0.0000 0.0000 0.0000 0.0000 0.0000 0.0000 0.0000 0.0000 0.0000 0.0100 0.1600 0.2900 0.4000 0.4900 0.5600 0.6100 0.6500 0.9575 1.2406 1.4772 1.8030 2.0329 2.1668 2.2048 2.1468 1.9929 1.9031 1.7629 1.7656 1.7811 1.7193 1.5704 1.3812 1.3235 1.2099
0.0000 0.0000 0.0000 0.0000 0.0000 0.0000 0.0000 0.0000 0.0000 0.0000 0.0000 0.0000 0.0000 0.0000 0.0000 0.0300 0.1600 0.2700 0.3600 0.4300 0.4800 0.5100 0.7544 0.9875 1.1994 1.4388 1.6686 1.8026 1.8405 1.7826 1.7487 1.6689 1.5631 1.6757 1.7012 1.6395 1.4905 1.2544 1.1968 1.0831
0.0000 0.0000 0.0000 0.0000 0.0000 0.0000 0.0000 0.0000 0.0000 0.0000 0.0000 0.0000 0.0000 0.0000 0.0000 0.0000 0.0100 0.1200 0.2100 0.2800 0.3300 0.3756 0.6200 0.8131 0.9550 1.0456 1.2085 1.3424 1.3804 1.4568 1.5185 1.5087 1.4429 1.5087 1.5341 1.4724 1.3235 1.0874 1.0141 0.9375
0.0000 0.0000 0.0000 0.0000 0.0000 0.0000 0.0000 0.0000 0.0000 0.0000 0.0000 0.0000 0.0000 0.0000 0.0000 0.0000 0.0000 0.0000 0.0400 0.1100 0.1600 0.1900 0.4344 0.6275 0.7694 0.8600 0.8994 1.0363 1.1943 1.2963 1.3424 1.3326 1.2668 1.2544 1.2799 1.2182 1.0693 0.8331 0.8125 0.8594
0.0000 0.0000 0.0000 0.0000 0.0000 0.0000 0.0000 0.0000 0.0000 0.0000 0.0000 0.0000 0.0000 0.0000 0.0000 0.0000 0.0000 0.0000 0.0000 0.0000 0.0000 0.0000 0.1975 0.3906 0.5625 0.7031 0.8125 0.8906 0.9622 1.0642 1.1103 1.1005 1.0347 0.9130 0.9385 0.8767 0.7278 0.6250 0.7031 0.7500
0.0000 0.0000 0.0000 0.0000 0.0000 0.0000 0.0000 0.0000 0.0000 0.0000 0.0000 0.0000 0.0000 0.0000 0.0000 0.0000 0.0000 0.0000 0.0000 0.0000 0.0000 0.0000 0.1094 0.3125 0.4844 0.6250 0.7344 0.8125 0.8594 0.8750 0.8594 0.8125 0.7467 0.6250 0.5469 0.5469 0.4844 0.4844 0.5625 0.6094
0.0000 0.0000 0.0000 0.0000 0.0000 0.0000 0.0000 0.0000 0.0000 0.0000 0.0000 0.0000 0.0000 0.0000 0.0000 0.0000 0.0000 0.0000 0.0000 0.0000 0.0000 0.0000 0.0000 0.2031 0.3750 0.5156 0.6250 0.7031 0.7500 0.7656 0.7500 0.7031 0.6250 0.5156 0.3750 0.2656 0.2031 0.3125 0.3906 0.4375
0.0000 0.0000 0.0000 0.0000 0.0000 0.0000 0.0000 0.0000 0.0000 0.0000 0.0000 0.0000 0.0000 0.0000 0.0000 0.0000 0.0000 0.0000 0.0000 0.0000 0.0000 0.0000 0.0000 0.0625 0.2344 0.3750 0.4844 0.5625 0.6094 0.6250 0.6094 0.5625 0.4844 0.3750 0.2344 0.0625 0.0000 0.1094 0.1875 0.2344
0.0000 0.0000 0.0000 0.0000 0.0000 0.0000 0.0000 0.0000 0.0000 0.0000 0.0000 0.0000 0.0000 0.0000 0.0000 0.0000 0.0000 0.0000 0.0000 0.0000 0.0000 0.0000 0.0000 0.0000 0.0625 0.2031 0.3125 0.3906 0.4375 0.4531 0.4375 0.3906 0.3125 0.2031 0.0625 0.0000 0.0000 0.0000 0.0000 0.0000
0.0000 0.0000 0.0000 0.0000 0.0000 0.0000 0.0000 0.0000 0.0000 0.0000 0.0000 0.0000 0.0000 0.0000 0.0000 0.0000 0.0000 0.0000 0.0000 0.0000 0.0000 0.0000 0.0000 0.0000 0.0000 0.0000 0.1094 0.1875 0.2344 0.2500 0.2344 0.1875 0.1094 0.0000 0.0000 0.0123 0.0000 0.0000 0.0000 0.0000
0.0000 0.0000 0.0000 0.0000 0.0000 0.0000 0.0000 0.0000 0.0000 0.0000 0.0000 0.0000 0.0000 0.0000 0.0000 0.0000 0.0000 0.0000 0.0000 0.0000 0.0000 0.0000 0.0000 0.0000 0.0000 0.0000 0.0000 0.0000 0.0000 0.0156 0.0000 0.0247 0.1111 0.1728 0.2099 0.2222 0.2099 0.1728 0.1111 0.0247
0.0000 0.0000 0.0000 0.0000 0.0000 0.0000 0.0000 0.0000 0.0000 0.0000 0.0000 0.0000 0.0000 0.0000 0.0000 0.0000 0.0000 0.0000 0.0000 0.0000 0.0000 0.0000 0.0000 0.0000 0.0000 0.0000 0.0000 0.0000 0.0000 0.0000 0.0988 0.2099 0.2963 0.3580 0.3951 0.4074 0.3951 0.3580 0.2963 0.2099
0.0000 0.0000 0.0000 0.0000 0.0000 0.0000 0.0000 0.0000 0.0000 0.0000 0.0000 0.0000 0.0000 0.0000 0.0000 0.0000 0.0000 0.0000 0.0000 0.0000 0.0000 0.0000 0.0000 0.0000 0.0204 0.0000 0.0000 0.0000 0.0000 0.1235 0.2593 0.3704 0.4568 0.5185 0.5556 0.5679 0.5556 0.5185 0.4568 0.3704
0.0000 0.0000 0.0000 0.0000 0.0000 0.0000 0.0000 0.0000 0.0000 0.0000 0.0000 0.0000 0.0000 0.0000 0.0000 0.0000 0.0000 0.0000 0.0000 0.0000 0.0000 0.1020 0.2041 0.2653 0.2857 0.2653 0.2041 0.1020 0.0988 0.2593 0.3951 0.5062 0.5926 0.6543 0.6914 0.7037 0.6914 0.6543 0.5926 0.5062
0.0000 0.0000 0.0000 0.0000 0.0000 0.0000 0.0000 0.0000 0.0000 0.0000 0.0000 0.0000 0.0000 0.0000 0.0000 0.0000 0.0000 0.0000 0.0000 0.0000 0.1837 0.3265 0.4286 0.4898 0.5102 0.4898 0.4286 0.3512 0.3936 0.3704 0.5062 0.6173 0.7037 0.7654 0.8025 0.8148 0.8025 0.7654 0.7037 0.6173
0.0000 0.0000 0.0000 0.0000 0.0000 0.0000 0.0000 0.0000 0.0000 0.0000 0.0000 0.0000 0.0000 0.0000 0.0000 0.0000 0.0000 0.0000 0.0000 0.1837 0.3673 0.5502 0.6122 0.6735 0.6939 0.6735 0.6122 0.6213 0.6636 0.6405 0.5926 0.7037 0.7901 0.8519 0.8889 0.9012 0.8889 0.8519 0.7901 0.7037
0.0000 0.0000 0.0000 0.0000 0.0000 0.0000 0.0000 0.0000 0.0000 0.0000 0.0000 0.0000 0.0000 0.0000 0.0000 0.0000 0.0000 0.0000 0.1420 0.5665 0.8702 1.0531 1.1151 1.0563 0.8767 0.8163 0.7551 0.8259 0.8682 0.8450 0.7564 0.7654 0.8519 0.9136 0.9506 0.9630 0.9506 0.9136 0.8519 0.7654
0.0000 0.0000 0.0000 0.0000 0.0000 0.0000 0.0000 0.0000 0.0000 0.0000 0.0000 0.0000 0.0000 0.0000 0.0000 0.0000 0.0000 0.0400 0.5241 0.9486 1.2522 1.4351 1.4971 1.4384 1.2588 0.9584 0.8571 0.9650 1.0073 0.9841 0.8954 0.8025 0.8889 0.9506 0.9877 1.0000 0.9877 0.9506 0.8889 0.8025
0.0000 0.0000 0.0000 0.0000 0.0000 0.0000 0.0000 0.0000 0.0000 0.0000 0.0000 0.0000 0.0000 0.0000 0.0000 0.0000 0.0000 0.2400 0.7853 1.2098 1.5135 1.6963 1.7584 1.6996 1.5200 1.2196 0.9307 1.0385 1.0809 1.0577 0.9690 0.8148 0.9012 0.9630 1.0000 1.0123 1.0000 0.9630 0.9012 0.8148
0.0000 0.0000 0.0000 0.0000 0.0000 0.0000 0.0000 0.0000 0.0000 0.0000 0.0000 0.0000 0.0000 0.0000 0.0000 0.0000 0.0000 0.3804 0.9257 1.3502 1.6539 1.8367 1.8988 1.8400 1.6604 1.3600 0.9388 1.0466 1.0889 1.0658 0.9771 0.8229 0.8889 0.9506 0.9877 1.0000 1.0154 0.9506 0.8889 0.8025
0.0000 0.0000 0.0000 0.0000 0.0000 0.0000 0.0000 0.0000 0.0000 0.0000 0.0000 0.0000 0.0000 0.0000 0.0000 0.0000 0.0400 0.4000 0.9453 1.3698 1.6735 1.8563 1.9184 1.8596 1.6800 1.3796 0.9584 0.9892 1.0315 1.0083 0.9196 0.7654 0.8519 0.9969 1.1728 1.2685 1.2840 1.2191 1.0741 0.8488
0.0000 0.0000 0.0000 0.0000 0.0000 0.0000 0.0000 0.0000 0.0000 0.0000 0.0000 0.0000 0.0000 0.0000 0.0000 0.0000 0.0000 0.3600 0.8441 1.2686 1.5722 1.7551 1.8171 1.7584 1.5788 1.2784 0.8571 0.8662 0.9085 0.8854 0.7967 0.7037 0.9290 1.1852 1.3611 1.4568 1.4722 1.4074 1.2623 1.0370
0.0000 0.0000 0.0000 0.0000 0.0000 0.0000 0.0000 0.0000 0.0000 0.0000 0.0000 0.0000 0.0000 0.0000 0.0000 0.0000 0.0000 0.2400 0.6220 1.0465 1.3502 1.5331 1.5951 1.5363 1.3567 1.0563 0.7551 0.6778 0.7201 0.6969 0.6082 0.7006 1.0370 1.2932 1.4691 1.5648 1.5802 1.5154 1.3704 1.1451
0.0000 0.0000 0.0000 0.0000 0.0000 0.0000 0.0000 0.0000 0.0000 0.0000 0.0000 0.0000 0.0000 0.0000 0.0000 0.0000 0.0000 0.0400 0.3200 0.7037 1.0073 1.1902 1.2522 1.1935 1.0139 0.7135 0.6122 0.5102 0.4661 0.4429 0.3951 0.7284 1.0648 1.3210 1.4969 1.5926 1.6080 1.5432 1.3981 1.1728
0.0000 0.0000 0.0000 0.0000 0.0000 0.0000 0.0000 0.0000 0.0000 0.0000 0.0000 0.0000 0.0000 0.0000 0.0000 0.0000 0.0000 0.0000 0.0400 0.2400 0.5437 0.7265 0.7886 0.7298 0.5502 0.4898 0.4286 0.3265 0.1837 0.1235 0.2593 0.6759 1.0123 1.2685 1.4444 1.5401 1.5556 1.4907 1.3457 1.1204
0.0000 0.0000 0.0000 0.0000 0.0000 0.0000 0.0000 0.0000 0.0000 0.0000 0.0000 0.0000 0.0000 0.0000 0.0000 0.0000 0.0000 0.0000 0.0000 0.0000 0.0000 0.1420 0.2041 0.2653 0.2857 0.2653 0.2041 0.1020 0.0000 0.0000 0.1265 0.5432 0.8796 1.1358 1.3117 1.4074 1.4228 1.3580 1.2130 0.9877
0.0000 0.0000 0.0000 0.0000 0.0000 0.0000 0.0000 0.0000 0.0000 0.0000 0.0000 0.0000 0.0000 0.0000 0.0000 0.0000 0.0000 0.0000 0.0000 0.0000 0.0000 0.0000 0.0000 0.0000 0.0204 0.0000 0.0000 0.0000 0.0000 0.0000 0.0000 0.3302 0.6667 0.9228 1.0988 1.1944 1.2099 1.1451 1.0000 0.7747
