0.0000 0.0247 0.1111 0.1728 0.2099 0.2222 0.2099 0.1728 0.1111 0.0247 0.0000 0.0000 0.0000 0.0000 0.0000 0.0000 0.0000 0.0000 0.0000 0.0000 0.0000 0.0000 0.0000 0.0000 0.0000 0.0000 0.0000 0.0000 0.0000 0.0000 0.0000 0.0000 0.0000 0.0000 0.0000 0.0000 0.0000 0.0000 0.0000 0.0000
0.0988 0.2099 0.2963 0.3580 0.3951 0.4074 0.3951 0.3580 0.2963 0.2099 0.0988 0.0000 0.0000 0.0000 0.0000 0.0000 0.0000 0.0000 0.0000 0.0000 0.0000 0.0000 0.0000 0.0000 0.0000 0.0000 0.0000 0.0000 0.0000 0.0000 0.0000 0.0000 0.0000 0.0000 0.0000 0.0000 0.0000 0.0000 0.0000 0.0000
0.2593 0.3704 0.4568 0.5185 0.5556 0.5679 0.5556 0.5341 0.4568 0.3704 0.2593 0.1235 0.0000 0.0000 0.0000 0.0000 0.0000 0.0000 0.0000 0.0000 0.0000 0.0000 0.0000 0.0000 0.0000 0.0000 0.0000 0.0000 0.0000 0.0000 0.0000 0.0000 0.0000 0.0000 0.0000 0.0000 0.0000 0.0000 0.0000 0.0000
0.3951 0.5062 0.5926 0.6543 0.8007 0.8912 0.9257 0.9043 0.8270 0.6937 0.5044 0.2593 0.0988 0.0000 0.0000 0.0000 0.0000 0.0000 0.0000 0.0000 0.0000 0.0000 0.0000 0.0000 0.0000 0.0000 0.0000 0.0000 0.0000 0.0000 0.0000 0.0000 0.0000 0.0000 0.0000 0.0000 0.0000 0.0000 0.0000 0.0000
0.5062 0.6173 0.7662 0.9686 1.1150 1.2054 1.2400 1.2186 1.1412 1.0079 0.8187 0.5735 0.2724 0.0247 0.0000 0.0000 0.0000 0.0000 0.0000 0.0000 0.0000 0.0000 0.0000 0.0000 0.0000 0.0000 0.0000 0.0000 0.0000 0.0000 0.0000 0.0000 0.0000 0.0000 0.0000 0.0000 0.0000 0.0000 0.0000 0.0000
0.5926 0.7662 1.0245 1.2269 1.3733 1.4637 1.4983 1.4769 1.3995 1.2662 1.0770 0.8318 0.5307 0.1736 0.0000 0.0000 0.0000 0.0000 0.0000 0.0000 0.0000 0.0000 0.0000 0.0000 0.0000 0.0000 0.0000 0.0000 0.0000 0.0000 0.0000 0.0000 0.0000 0.0000 0.0000 0.0000 0.0000 0.0000 0.0000 0.0000
0.6543 0.9686 1.2269 1.4292 1.5756 1.6661 1.7006 1.6792 1.6019 1.4686 1.2793 1.0341 0.7330 0.3760 0.0000 0.0000 0.0000 0.0000 0.0000 0.0000 0.0000 0.0000 0.0000 0.0000 0.0000 0.0278 0.0000 0.0000 0.0000 0.0000 0.0000 0.0000 0.0000 0.0000 0.0000 0.0000 0.0000 0.0000 0.0000 0.0000
0.8007 1.1150 1.3733 1.5756 1.7220 1.8125 1.8470 1.8256 1.7483 1.6150 1.4257 1.1806 0.8794 0.5224 0.1094 0.0000 0.0000 0.0000 0.0000 0.0000 0.0000 0.0000 0.0833 0.2222 0.3056 0.3333 0.3056 0.2222 0.0833 0.0000 0.0000 0.0000 0.0000 0.0000 0.0000 0.0000 0.0000 0.0000 0.0000 0.0000
0.8912 1.2054 1.4637 1.6661 1.8125 1.9030 1.9375 1.9161 1.8387 1.7054 1.5162 1.2710 0.9855 0.6128 0.1998 0.0000 0.0000 0.0000 0.0000 0.0000 0.0000 0.1389 0.3333 0.4722 0.5556 0.5833 0.5556 0.4722 0.3333 0.1389 0.0000 0.0000 0.0000 0.0000 0.0000 0.0000 0.0000 0.0000 0.0000 0.0000
0.9257 1.2400 1.4983 1.7006 1.8470 1.9653 1.9720 1.9506 1.8733 1.8493 1.7382 1.5399 1.2544 0.8818 0.4219 0.1094 0.0000 0.0000 0.0000 0.0000 0.0833 0.3333 0.5278 0.6667 0.7500 0.7778 0.7500 0.6823 0.5278 0.3333 0.0833 0.0000 0.0000 0.0000 0.0000 0.0000 0.0000 0.0000 0.0000 0.0000
0.9043 1.2186 1.5602 1.9014 2.1312 2.2494 2.2562 2.2139 2.1383 2.0311 1.9199 1.7216 1.4361 1.0635 0.6406 0.3281 0.2031 0.0625 0.0000 0.0000 0.2222 0.4722 0.6667 0.8056 0.9983 1.1042 1.1233 1.0556 0.9010 0.6597 0.3316 0.0000 0.0000 0.0000 0.0000 0.0000 0.0000 0.0000 0.0000 0.0000
0.8270 1.2801 1.7328 2.0741 2.3038 2.4221 2.4913 2.5584 2.4828 2.2645 2.0145 1.8162 1.5307 1.1580 0.7969 0.4844 0.3750 0.2344 0.0625 0.0000 0.3056 0.5556 0.8125 1.0920 1.2847 1.3906 1.4097 1.3420 1.1875 0.9462 0.6181 0.2031 0.0625 0.0000 0.0000 0.0000 0.0000 0.0000 0.0000 0.0000
0.7770 1.3412 1.7940 2.1352 2.3650 2.4832 2.6931 2.7602 2.6846 2.4662 2.1051 1.8235 1.5380 1.1653 0.8906 0.6250 0.5156 0.3750 0.2031 0.0278 0.3333 0.6458 1.0122 1.2917 1.4844 1.5903 1.6094 1.5417 1.3872 1.1458 0.8177 0.4028 0.2344 0.0625 0.0000 0.0000 0.0000 0.0000 0.0000 0.0000
0.7267 1.2909 1.7436 2.0849 2.3146 2.5422 2.7521 2.8193 2.7436 2.5253 2.1642 1.7436 1.4581 1.1719 0.9219 0.7344 0.6250 0.4844 0.3125 0.1094 0.3056 0.7587 1.1250 1.4045 1.5972 1.7031 1.7222 1.6545 1.5000 1.2587 0.9306 0.5156 0.3750 0.2031 0.0000 0.0000 0.0000 0.0000 0.0000 0.0000
0.5648 1.1291 1.5818 1.9230 2.1528 2.4585 2.6684 2.7355 2.6599 2.4416 2.0804 1.5766 1.3281 1.1406 0.8906 0.8125 0.7031 0.5625 0.3906 0.2031 0.3316 0.7847 1.1510 1.4306 1.6233 1.7292 1.7483 1.6806 1.5260 1.2847 0.9566 0.6650 0.4844 0.3125 0.1094 0.0000 0.0000 0.0000 0.0000 0.0000
0.4321 0.8557 1.3084 1.6497 1.8794 2.2321 2.4419 2.5091 2.4334 2.2151 1.8540 1.3872 1.2344 1.0469 0.9375 0.8594 0.8594 0.7969 0.6719 0.4844 0.5052 0.9115 1.1997 1.3698 1.5625 1.6684 1.6875 1.6198 1.5053 1.4640 1.2558 1.1031 0.9225 0.6306 0.2275 0.0000 0.0000 0.0000 0.0000 0.0000
0.3056 0.5802 0.9236 1.2649 1.5102 1.8628 2.0727 2.1399 2.0642 1.8459 1.5712 1.2031 1.0781 1.0000 1.0156 1.0781 1.0781 1.0156 0.8906 0.7031 0.6875 0.9670 1.2552 1.4253 1.4774 1.5208 1.5399 1.5122 1.6377 1.5964 1.4994 1.4300 1.2494 0.9575 0.5544 0.0400 0.0000 0.0000 0.0000 0.0000
0.2222 0.4722 0.6667 0.8056 0.9983 1.3509 1.5608 1.6649 1.6510 1.5191 1.2691 0.9844 1.0000 1.0469 1.1719 1.2344 1.2344 1.1719 1.0469 0.8750 0.8594 1.0156 1.1927 1.3628 1.4149 1.3490 1.3056 1.4778 1.6033 1.6731 1.7150 1.6456 1.4650 1.1731 0.7700 0.2556 0.0000 0.0000 0.0000 0.0000
0.0833 0.3333 0.5278 0.6667 0.7500 0.9653 1.1406 1.2448 1.2309 1.1458 0.9740 0.9375 0.9531 1.1406 1.2656 1.3281 1.3281 1.2656 1.1406 0.9531 0.9844 1.1406 1.2344 1.2656 1.2344 1.1684 0.9844 1.3600 1.6244 1.7775 1.8194 1.7500 1.5694 1.2775 0.8744 0.3600 0.0000 0.0000 0.0000 0.0000
0.0000 0.1389 0.3333 0.4722 0.5556 0.6927 0.8681 0.9566 0.9583 0.8733 0.8125 0.8594 0.9844 1.1719 1.2969 1.3594 1.3594 1.2969 1.1719 0.9844 1.0469 1.2031 1.2969 1.3281 1.2969 1.2031 1.0869 1.3531 1.6175 1.7706 1.8125 1.7431 1.5625 1.2706 0.8675 0.4000 0.0400 0.0000 0.0000 0.0000
0.0000 0.0000 0.0833 0.2222 0.3056 0.3333 0.5087 0.5972 0.5990 0.6250 0.7031 0.7500 0.9531 1.1406 1.2656 1.3281 1.3281 1.2656 1.1406 0.9531 1.0469 1.2031 1.2969 1.3281 1.2969 1.2031 1.0469 1.2350 1.4994 1.6525 1.6944 1.6250 1.4444 1.1525 0.7494 0.3600 0.0000 0.0000 0.0000 0.0000
0.0000 0.0000 0.0000 0.0000 0.0000 0.0278 0.0625 0.2344 0.3750 0.4844 0.5625 0.6094 0.8594 1.0469 1.1719 1.2344 1.2344 1.1719 1.0469 1.0000 0.9844 1.1406 1.2344 1.2656 1.2344 1.1406 0.9844 1.0056 1.2700 1.4231 1.4650 1.3956 1.2150 0.9231 0.5200 0.2400 0.0000 0.0000 0.0000 0.0000
0.0000 0.0000 0.0000 0.0000 0.0000 0.0000 0.0000 0.0625 0.2031 0.3125 0.3906 0.4531 0.7031 0.8906 1.0156 1.0781 1.0781 1.0156 1.0000 1.0156 1.0000 1.0156 1.1094 1.1406 1.1094 1.0156 0.8594 0.6806 0.9294 1.0825 1.1244 1.0550 0.8744 0.5825 0.3200 0.0400 0.0000 0.0000 0.0000 0.0000
0.0000 0.0000 0.0000 0.0000 0.0000 0.0000 0.0000 0.0000 0.0000 0.1094 0.1875 0.2344 0.4844 0.6719 0.7969 0.8594 0.8594 0.9375 0.9844 1.0000 0.9844 0.9375 0.9219 0.9531 0.9219 0.8281 0.6719 0.4531 0.4775 0.6306 0.6725 0.6031 0.4225 0.2400 0.0400 0.0000 0.0000 0.0000 0.0000 0.0000
0.0000 0.0000 0.0000 0.0000 0.0000 0.0000 0.0000 0.0000 0.0000 0.0000 0.0000 0.0000 0.2031 0.3906 0.5625 0.7031 0.8125 0.8906 0.9375 0.9531 0.9375 0.8906 0.8125 0.7031 0.6719 0.5781 0.4219 0.2500 0.2344 0.1875 0.1094 0.0400 0.0000 0.0000 0.0000 0.0000 0.0000 0.0000 0.0000 0.0000
0.0000 0.0000 0.0000 0.0000 0.0000 0.0000 0.0000 0.0000 0.0000 0.0000 0.0000 0.0000 0.1094 0.3125 0.4844 0.6250 0.7344 0.8125 0.8594 0.8750 0.8594 0.8125 0.7344 0.6250 0.4844 0.3125 0.1094 0.0156 0.0000 0.0000 0.0000 0.0000 0.0000 0.0000 0.0000 0.0000 0.0000 0.0000 0.0000 0.0000
0.0000 0.0000 0.0000 0.0000 0.0000 0.0000 0.0000 0.0000 0.0000 0.0000 0.0000 0.0000 0.0000 0.2031 0.3750 0.5156 0.6250 0.7031 0.7500 0.7656 0.7500 0.7031 0.6250 0.5156 0.3750 0.2031 0.0000 0.0000 0.0000 0.0000 0.0000 0.0000 0.0000 0.0000 0.0000 0.0000 0.0000 0.0000 0.0000 0.0000
0.0000 0.0000 0.0000 0.0000 0.0000 0.0000 0.0000 0.0000 0.0000 0.0000 0.0000 0.0000 0.0000 0.0625 0.2344 0.3750 0.4844 0.5625 0.6094 0.6250 0.6094 0.5625 0.4844 0.3750 0.2344 0.0625 0.0000 0.0000 0.0000 0.0000 0.0000 0.0000 0.0000 0.0000 0.0000 0.0000 0.0000 0.0000 0.0000 0.0000
0.0000 0.0000 0.0000 0.0000 0.0000 0.0000 0.0000 0.0000 0.0000 0.0000 0.0000 0.0000 0.0000 0.0000 0.0625 0.2031 0.3125 0.3906 0.4375 0.4531 0.4375 0.3906 0.3125 0.2031 0.0625 0.0000 0.0000 0.0000 0.0000 0.0000 0.0000 0.0000 0.0000 0.0000 0.0000 0.0000 0.0000 0.0000 0.0000 0.0000
0.0000 0.0000 0.0000 0.0000 0.0000 0.0000 0.0000 0.0000 0.0000 0.0000 0.0000 0.0000 0.0000 0.0000 0.0000 0.0000 0.1094 0.1875 0.2344 0.2500 0.2344 0.1875 0.1094 0.0000 0.0000 0.0000 0.0000 0.0000 0.0000 0.0000 0.0000 0.0000 0.0000 0.0000 0.0000 0.0000 0.0000 0.0000 0.0000 0.0000
0.0000 0.0000 0.0000 0.0000 0.0000 0.0000 0.0000 0.0000 0.0000 0.0000 0.0000 0.0000 0.0000 0.0000 0.0000 0.0000 0.0000 0.0000 0.0000 0.0156 0.0000 0.0000 0.0000 0.0000 0.0000 0.0000 0.0000 0.0000 0.0000 0.0000 0.0000 0.0000 0.0000 0.0000 0.0000 0.0000 0.0000 0.0000 0.0000 0.0000
0.0000 0.0000 0.0000 0.0000 0.0000 0.0000 0.0000 0.0000 0.0000 0.0000 0.0000 0.0000 0.0000 0.0000 0.0000 0.0000 0.0000 0.0000 0.0000 0.0000 0.0000 0.0000 0.0000 0.0000 0.0000 0.0000 0.0000 0.0000 0.0000 0.0000 0.0000 0.0000 0.0000 0.0000 0.0000 0.0000 0.0000 0.0000 0.0000 0.0000
0.0000 0.0000 0.0000 0.0000 0.0000 0.0000 0.0000 0.0000 0.0000 0.0000 0.0000 0.0000 0.0000 0.0000 0.0000 0.0000 0.0000 0.0000 0.0000 0.0000 0.0000 0.0000 0.0000 0.0000 0.0000 0.0000 0.0000 0.0000 0.0000 0.0000 0.0000 0.0000 0.0000 0.0000 0.0000 0.0000 0.0000 0.0000 0.0000 0.0000
0.0000 0.0000 0.0000 0.0000 0.0000 0.0000 0.0000 0.0000 0.0000 0.0000 0.0000 0.0000 0.0000 0.0000 0.0000 0.0000 0.0000 0.0000 0.0000 0.0000 0.0000 0.0000 0.0000 0.0000 0.0000 0.0000 0.0000 0.0000 0.0000 0.0400 0.0000 0.0000 0.0000 0.0000 0.0000 0.0000 0.0000 0.0000 0.0000 0.0000
0.0000 0.0000 0.0000 0.0000 0.0000 0.0000 0.0000 0.0000 0.0000 0.0000 0.0000 0.0000 0.0000 0.0000 0.0000 0.0000 0.0000 0.0000 0.0000 0.0000 0.0000 0.0000 0.0000 0.0000 0.0000 0.0000 0.0400 0.2400 0.3600 0.4000 0.3600 0.2400 0.0400 0.0000 0.0000 0.0000 0.0000 0.0000 0.0000 0.0000
0.0000 0.0000 0.0000 0.0000 0.0000 0.0000 0.0000 0.0000 0.0000 0.0000 0.0000 0.0000 0.0000 0.0000 0.0000 0.0000 0.0000 0.0000 0.0000 0.0000 0.0000 0.0000 0.0000 0.0000 0.0000 0.0400 0.3200 0.5200 0.6400 0.6800 0.6400 0.5200 0.3200 0.0400 0.0000 0.0000 0.0000 0.0000 0.0000 0.0000
0.0000 0.0000 0.0000 0.0000 0.0000 0.0000 0.0000 0.0000 0.0000 0.0000 0.0000 0.0000 0.0000 0.0000 0.0000 0.0000 0.0000 0.0000 0.0000 0.0000 0.0000 0.0000 0.0000 0.0000 0.0000 0.2400 0.5200 0.7200 0.8400 0.8800 0.8400 0.7200 0.5200 0.2400 0.0000 0.0000 0.0000 0.0000 0.0000 0.0000
0.0000 0.0000 0.0000 0.0000 0.0000 0.0000 0.0000 0.0000 0.0000 0.0000 0.0000 0.0000 0.0000 0.0000 0.0000 0.0000 0.0000 0.0000 0.0000 0.0000 0.0000 0.0000 0.0000 0.0000 0.0000 0.3600 0.6400 0.8400 0.9600 1.0000 0.9600 0.8400 0.6400 0.3600 0.0000 0.0000 0.0000 0.0000 0.0000 0.0000
0.0000 0.0000 0.0000 0.0000 0.0000 0.0000 0.0000 0.0000 0.0000 0.0000 0.0000 0.0000 0.0000 0.0000 0.0000 0.0000 0.0000 0.0000 0.0000 0.0000 0.0000 0.0000 0.0000 0.0000 0.0400 0.4000 0.6800 0.8800 1.0000 1.0400 1.0000 0.8800 0.6800 0.4000 0.0400 0.0000 0.0000 0.0000 0.0000 0.0000
0.0000 0.0000 0.0000 0.0000 0.0000 0.0000 0.0000 0.0000 0.0000 0.0000 0.0000 0.0000 0.0000 0.0000 0.0000 0.0000 0.0000 0.0000 0.0000 0.0000 0.0000 0.0000 0.0000 0.0000 0.0000 0.3600 0.6400 0.8400 0.9600 1.0000 0.9600 0.8400 0.6400 0.3600 0.0000 0.0000 0.0000 0.0000 0.0000 0.0000
