0.0000 0.0000 0.0000 0.0000 0.0000 0.0000 0.0000 0.0000 0.0000 0.0000 0.0000 0.0000 0.0000 0.0000 0.0000 0.0000 0.0000 0.0000 0.0000 0.0000 0.0000 0.1837 0.3673 0.5102 0.6122 0.6735 0.6939 0.6835 0.6122 0.5102 0.3673 0.1837 0.0000 0.0000 0.0000 0.0000 0.0000 0.0000 0.0000 0.0000
0.0000 0.0000 0.0000 0.0000 0.0000 0.0000 0.0000 0.0000 0.0000 0.0000 0.0000 0.0000 0.0000 0.0000 0.0000 0.0000 0.0000 0.0000 0.0000 0.0000 0.1020 0.3265 0.5102 0.6931 0.8651 0.9763 1.0267 1.0163 0.9451 0.8131 0.6202 0.3665 0.1020 0.0000 0.0000 0.0000 0.0000 0.0000 0.0000 0.0000
0.0000 0.0000 0.0000 0.0000 0.0000 0.0000 0.0000 0.0000 0.0000 0.0000 0.0000 0.0000 0.0000 0.0000 0.0000 0.0000 0.0000 0.0000 0.0000 0.0000 0.2041 0.4386 0.7322 0.9651 1.1371 1.2484 1.3144 1.2884 1.2171 1.0851 0.8922 0.6386 0.3241 0.0100 0.0000 0.0000 0.0000 0.0000 0.0000 0.0000
0.0000 0.0000 0.0000 0.0000 0.0000 0.0000 0.0000 0.0000 0.0000 0.0000 0.0000 0.0000 0.0000 0.0000 0.0000 0.0000 0.0000 0.0000 0.0000 0.0000 0.2953 0.6498 0.9435 1.2857 1.5359 1.6940 1.7600 1.7340 1.6159 1.4057 1.1035 0.8498 0.5353 0.1600 0.0300 0.0000 0.0000 0.0000 0.0000 0.0000
0.0000 0.0000 0.0000 0.0000 0.0000 0.0000 0.0000 0.0000 0.0000 0.0000 0.0000 0.0000 0.0000 0.0000 0.0000 0.0000 0.0000 0.0000 0.0000 0.0304 0.4457 0.8627 1.2970 1.6392 1.8894 2.0475 2.1135 2.0875 1.9694 1.7592 1.4570 1.0627 0.6857 0.3204 0.1600 0.0100 0.0000 0.0000 0.0000 0.0000
0.0000 0.0000 0.0000 0.0000 0.0000 0.0000 0.0000 0.0000 0.0000 0.0000 0.0000 0.0000 0.0000 0.0000 0.0000 0.0000 0.0000 0.0000 0.0000 0.1200 0.5978 1.1242 1.5585 1.9007 2.1509 2.3090 2.3750 2.3490 2.2309 2.0607 1.8285 1.4842 1.0278 0.6000 0.4600 0.2800 0.1100 0.0400 0.0000 0.0000
0.0000 0.0000 0.0000 0.0000 0.0000 0.0000 0.0000 0.0000 0.0000 0.0000 0.0000 0.0000 0.0000 0.0000 0.0000 0.0000 0.0000 0.0000 0.0400 0.2100 0.7672 1.2936 1.7279 2.0701 2.3203 2.4784 2.5444 2.5284 2.5203 2.4001 2.1679 1.8236 1.3672 0.8600 0.7200 0.5400 0.3200 0.2100 0.1200 0.0100
0.0000 0.0000 0.0000 0.0000 0.0000 0.0000 0.0000 0.0000 0.0000 0.0000 0.0000 0.0000 0.0000 0.0000 0.0000 0.0000 0.0000 0.0000 0.1100 0.3894 0.8445 1.3709 1.8052 2.1474 2.3976 2.5557 2.6517 2.7557 2.7476 2.6274 2.3952 2.0509 1.5945 1.1894 0.9400 0.7600 0.5400 0.3600 0.2700 0.1600
0.0000 0.0000 0.0000 0.0000 0.0000 0.0000 0.0000 0.0000 0.0000 0.0000 0.0100 0.0000 0.0000 0.0000 0.0000 0.0000 0.0000 0.0000 0.1600 0.5175 0.8706 1.3562 1.7905 2.1327 2.3829 2.5510 2.7670 2.8710 2.8629 2.7427 2.5105 2.1662 1.7506 1.4475 1.1200 0.9400 0.7200 0.4900 0.4000 0.2900
0.0000 0.0000 0.0000 0.0000 0.0000 0.0000 0.0400 0.1100 0.1600 0.1900 0.2000 0.1900 0.1600 0.1100 0.0400 0.0000 0.0000 0.0000 0.1900 0.5944 0.9475 1.2494 1.6837 2.0259 2.2761 2.5542 2.7702 2.8742 2.8661 2.7459 2.5137 2.1694 1.9375 1.6344 1.2600 1.0800 0.8600 0.6000 0.5100 0.4000
0.0000 0.0000 0.0000 0.0000 0.0100 0.1200 0.2100 0.2800 0.3300 0.3600 0.3700 0.3600 0.3300 0.2800 0.2100 0.1200 0.0100 0.0100 0.2156 0.6200 0.9731 1.2750 1.5256 1.8270 2.1172 2.4453 2.6613 2.7553 2.7572 2.6370 2.4456 2.2850 2.0531 1.7500 1.3756 1.1800 0.9600 0.7000 0.6000 0.4900
0.0000 0.0000 0.0000 0.0300 0.1600 0.2700 0.3600 0.4300 0.4800 0.5100 0.5200 0.5100 0.4800 0.4300 0.3600 0.2700 0.1600 0.0300 0.1900 0.5944 0.9475 1.2494 1.5000 1.6994 1.9575 2.2244 2.4404 2.5444 2.5975 2.5794 2.4900 2.3294 2.0975 1.7944 1.4200 1.2400 1.0200 0.7600 0.6700 0.5600
0.0000 0.0000 0.0100 0.1600 0.2900 0.4000 0.4900 0.5600 0.6100 0.6400 0.6500 0.6400 0.6100 0.5600 0.4900 0.4000 0.2900 0.1600 0.1700 0.5175 0.8706 1.1725 1.4231 1.6225 1.9306 2.1975 2.3931 2.5175 2.5706 2.5525 2.4631 2.3025 2.0706 1.7675 1.4400 1.2600 1.0400 0.8100 0.7200 0.6100
0.0000 0.0000 0.1200 0.2700 0.4000 0.5100 0.6000 0.6700 0.7200 0.7500 0.7600 0.7500 0.7200 0.6700 0.6000 0.5100 0.4000 0.2700 0.2300 0.3894 0.7425 1.0444 1.2950 1.4944 1.8325 2.0994 2.2950 2.4194 2.4725 2.4544 2.3650 2.2044 1.9725 1.6694 1.4200 1.2400 1.0200 0.8400 0.7500 0.6400
0.0000 0.0400 0.2100 0.3600 0.4900 0.6000 0.6900 0.7600 0.8100 0.8400 0.8500 0.8400 0.8100 0.7600 0.6900 0.6000 0.4900 0.3600 0.2500 0.2500 0.5631 0.8650 1.1156 1.3250 1.6631 1.9300 2.1256 2.2500 2.3031 2.2850 2.1956 2.0350 1.8031 1.5000 1.3600 1.1800 0.9600 0.8500 0.7600 0.6500
0.0000 0.1100 0.2800 0.4300 0.5600 0.6700 0.7600 0.8300 0.8800 0.9100 0.9200 0.9100 0.8800 0.8300 0.7600 0.6700 0.5600 0.4300 0.2800 0.2300 0.3325 0.6344 0.8850 1.0844 1.4225 1.6894 1.8850 2.0094 2.0625 2.0444 1.9550 1.7944 1.5625 1.4000 1.2600 1.0800 0.9100 0.8400 0.7500 0.6400
0.0000 0.1600 0.3300 0.4800 0.6100 0.7200 0.8100 0.8800 0.9300 0.9600 0.9700 0.9600 0.9300 0.8800 0.8100 0.7200 0.6100 0.4800 0.3300 0.1700 0.1600 0.3525 0.6031 0.8025 1.1106 1.3775 1.5731 1.6975 1.7506 1.7325 1.6431 1.4825 1.3600 1.2600 1.1200 0.9400 0.8800 0.8100 0.7200 0.6100
0.0000 0.2178 0.3600 0.5100 0.6400 0.7500 0.8400 0.9100 0.9600 0.9900 1.0000 0.9900 0.9600 0.9100 0.8400 0.7500 0.6400 0.5100 0.3600 0.1900 0.0300 0.1600 0.2700 0.4694 0.7275 0.9944 1.1900 1.3144 1.3675 1.3494 1.2600 1.2400 1.1800 1.0800 0.9400 0.8800 0.8300 0.7600 0.6700 0.5600
0.3156 0.5333 0.6756 0.7422 0.7333 0.7600 0.8500 0.9200 0.9700 1.0000 1.0100 1.0000 0.9700 0.9200 0.8500 0.7600 0.6500 0.5200 0.3700 0.2000 0.0100 0.0100 0.1200 0.2100 0.3200 0.5400 0.7356 0.8600 0.9600 1.0200 1.0400 1.0200 0.9600 0.8600 0.8400 0.8100 0.7600 0.6900 0.6000 0.4900
0.5556 0.7733 0.9156 0.9822 0.9733 0.8889 0.8400 0.9100 0.9600 0.9900 1.0000 0.9900 0.9600 0.9100 0.8400 0.7500 0.6400 0.5100 0.3600 0.1900 0.0000 0.0000 0.0000 0.0400 0.1100 0.2800 0.4600 0.6000 0.7000 0.7600 0.7800 0.7600 0.7500 0.7600 0.7500 0.7200 0.6700 0.6000 0.5100 0.4000
0.7500 0.9378 1.0800 1.1467 1.1378 1.0533 0.8933 0.8800 0.9300 0.9600 0.9700 0.9600 0.9300 0.8800 0.8100 0.7200 0.6100 0.4800 0.3300 0.1600 0.0000 0.0000 0.0000 0.0000 0.0000 0.0100 0.1600 0.3000 0.4000 0.4900 0.5600 0.6100 0.6400 0.6500 0.6400 0.6100 0.5600 0.4900 0.4000 0.2900
0.8889 1.0267 1.1689 1.2356 1.2267 1.1422 0.9822 0.8300 0.8800 0.9100 0.9200 0.9100 0.8800 0.8300 0.7600 0.6700 0.5600 0.4300 0.2800 0.1100 0.0000 0.0000 0.0278 0.0000 0.0000 0.0000 0.0300 0.1600 0.2700 0.3600 0.4300 0.4800 0.5100 0.5200 0.5100 0.4800 0.4300 0.3600 0.2700 0.1600
0.9722 1.0400 1.1822 1.2489 1.2400 1.1556 0.9956 0.7600 0.8100 0.8400 0.8500 0.8400 0.8100 0.7600 0.6900 0.6000 0.4900 0.3600 0.2100 0.1233 0.2222 0.3056 0.3333 0.3056 0.2222 0.0833 0.0156 0.0100 0.1200 0.2100 0.2800 0.3300 0.3600 0.3700 0.3600 0.3300 0.2800 0.2100 0.1200 0.0100
1.0000 1.0000 1.1200 1.1867 1.1778 1.0933 0.9333 0.6978 0.7200 0.7500 0.7600 0.7500 0.7200 0.6700 0.6000 0.5100 0.4000 0.2700 0.2589 0.3333 0.4722 0.5556 0.5833 0.6649 0.6597 0.5677 0.3889 0.2344 0.1875 0.1494 0.1100 0.1600 0.1900 0.2000 0.1900 0.1600 0.1100 0.0400 0.0000 0.0000
0.9722 1.0000 0.9822 1.0489 1.0400 0.9556 0.7956 0.5600 0.6100 0.6400 0.6500 0.6400 0.6100 0.5600 0.4900 0.4000 0.2900 0.2433 0.3433 0.5278 0.6667 0.8125 0.9809 1.0625 1.0573 0.9653 0.7865 0.5208 0.3906 0.3125 0.2031 0.0625 0.0000 0.0100 0.0000 0.0000 0.0000 0.0000 0.0000 0.0000
0.8889 0.9167 0.8889 0.8356 0.8267 0.7422 0.5822 0.4300 0.4800 0.5100 0.5200 0.5100 0.4800 0.4300 0.3600 0.2700 0.1600 0.2522 0.4722 0.6667 0.8681 1.1233 1.2917 1.3733 1.3681 1.2760 1.0972 0.8316 0.5625 0.4844 0.3750 0.2344 0.0625 0.0000 0.0000 0.0000 0.0000 0.0000 0.0000 0.0000
0.7500 0.7778 0.7500 0.6667 0.5378 0.4533 0.2933 0.2800 0.3300 0.3600 0.3700 0.3600 0.3300 0.2800 0.2100 0.1200 0.0100 0.3056 0.5556 0.7500 1.0920 1.3472 1.5156 1.5972 1.5920 1.5000 1.3212 1.0556 0.7031 0.6250 0.5156 0.3750 0.2031 0.0000 0.0000 0.0000 0.0000 0.0000 0.0000 0.0000
0.5556 0.5833 0.5556 0.4722 0.3333 0.1389 0.0400 0.1100 0.1600 0.1900 0.2000 0.1900 0.1600 0.1100 0.0400 0.0000 0.0278 0.3333 0.5833 0.8872 1.2292 1.4844 1.6528 1.7344 1.7292 1.6372 1.4583 1.1927 0.8403 0.7344 0.6250 0.4844 0.3125 0.1094 0.0000 0.0000 0.0000 0.0000 0.0000 0.0000
0.3056 0.3333 0.3056 0.2222 0.0833 0.0000 0.0000 0.0000 0.0000 0.0000 0.0100 0.0000 0.0000 0.0000 0.0000 0.0000 0.0000 0.3056 0.5556 0.9375 1.2795 1.5347 1.7031 1.7847 1.7795 1.6875 1.5087 1.2431 0.8906 0.8125 0.7031 0.5625 0.3906 0.1875 0.0000 0.0000 0.0000 0.0000 0.0000 0.0000
0.0000 0.0278 0.0000 0.0000 0.0000 0.0000 0.0000 0.0000 0.0000 0.0000 0.0400 0.0000 0.0000 0.0000 0.0000 0.0000 0.0000 0.2222 0.4722 0.9010 1.2431 1.4983 1.6667 1.7483 1.7431 1.6510 1.4722 1.2066 0.9375 0.8594 0.7500 0.6094 0.4375 0.2344 0.0000 0.0000 0.0000 0.0000 0.0000 0.0000
0.0000 0.0000 0.0000 0.0000 0.0000 0.0000 0.0000 0.0400 0.2400 0.3600 0.4000 0.3600 0.2400 0.0400 0.0000 0.0000 0.0000 0.0833 0.3490 0.7778 1.1198 1.3750 1.5434 1.6250 1.6198 1.5278 1.3490 1.0833 0.9531 0.8750 0.7656 0.6250 0.4531 0.2500 0.0156 0.0000 0.0000 0.0000 0.0000 0.0000
0.0000 0.0000 0.0000 0.0000 0.0000 0.0000 0.0400 0.3200 0.5200 0.6400 0.6800 0.6400 0.5200 0.3200 0.0400 0.0000 0.0000 0.0000 0.1389 0.5677 0.9097 1.1649 1.3333 1.4149 1.4097 1.3177 1.1389 0.9844 0.9375 0.8594 0.7500 0.6094 0.4375 0.2344 0.0000 0.0000 0.0000 0.0000 0.0000 0.0000
0.0000 0.0000 0.0000 0.0000 0.0000 0.0000 0.2400 0.5200 0.7200 0.8400 0.8800 0.8400 0.7200 0.5200 0.2400 0.0000 0.0000 0.0000 0.0000 0.2708 0.6128 0.8681 1.0365 1.1181 1.1128 1.0208 0.9531 0.9375 0.8906 0.8125 0.7031 0.5625 0.3906 0.1875 0.0000 0.0000 0.0000 0.0000 0.0000 0.0000
0.0000 0.0000 0.0000 0.0000 0.0000 0.0000 0.3600 0.6400 0.8400 0.9600 1.0000 0.9600 0.8400 0.6400 0.3600 0.0000 0.0000 0.0000 0.0000 0.1094 0.3125 0.4844 0.6528 0.7344 0.8125 0.8594 0.8750 0.8594 0.8125 0.7344 0.6250 0.4844 0.3125 0.1094 0.0000 0.0000 0.0000 0.0000 0.0000 0.0000
0.0000 0.0000 0.0000 0.0000 0.0000 0.0400 0.4000 0.6800 0.8800 1.0000 1.0400 1.0000 0.8800 0.6800 0.4000 0.0400 0.0000 0.0000 0.0000 0.0000 0.2031 0.3750 0.5156 0.6250 0.7031 0.7500 0.7656 0.7500 0.7031 0.6250 0.5156 0.3750 0.2031 0.0000 0.0000 0.0000 0.0000 0.0000 0.0000 0.0000
0.0000 0.0000 0.0000 0.0000 0.0000 0.0000 0.3600 0.6400 0.8400 0.9600 1.0000 0.9600 0.8400 0.6400 0.3600 0.0000 0.0000 0.0000 0.0000 0.0000 0.0625 0.2344 0.3750 0.4844 0.5625 0.6094 0.6250 0.6094 0.5625 0.4844 0.3750 0.2344 0.0625 0.0000 0.0000 0.0000 0.0000 0.0000 0.0000 0.0000
0.0000 0.0000 0.0000 0.0000 0.0000 0.0000 0.2400 0.5200 0.7200 0.8400 0.8800 0.8400 0.7200 0.5200 0.2400 0.0000 0.0000 0.0000 0.0000 0.0000 0.0000 0.0625 0.2031 0.3125 0.3906 0.4375 0.4531 0.4375 0.3906 0.3125 0.2031 0.0625 0.0000 0.0000 0.0000 0.0000 0.0000 0.0000 0.0000 0.0000
0.0000 0.0000 0.0000 0.0000 0.0000 0.0000 0.0400 0.3200 0.5200 0.6400 0.6800 0.6400 0.5200 0.3200 0.0400 0.0000 0.0000 0.0000 0.0000 0.0000 0.0000 0.0000 0.0000 0.1094 0.1875 0.2344 0.2500 0.2344 0.1875 0.1094 0.0000 0.0000 0.0000 0.0000 0.0000 0.0000 0.0000 0.0000 0.0000 0.0000
0.0000 0.0000 0.0000 0.0000 0.0000 0.0000 0.0000 0.0400 0.2400 0.3600 0.4000 0.3600 0.2400 0.0400 0.0000 0.0000 0.0000 0.0000 0.0000 0.0000 0.0000 0.0000 0.0000 0.0000 0.0000 0.0000 0.0156 0.0000 0.0000 0.0000 0.0000 0.0000 0.0000 0.0000 0.0000 0.0000 0.0000 0.0000 0.0000 0.0000
0.0000 0.0000 0.0000 0.0000 0.0000 0.0000 0.0000 0.0000 0.0000 0.0000 0.0400 0.0000 0.0000 0.0000 0.0000 0.0000 0.0000 0.0000 0.0000 0.0000 0.0000 0.0000 0.0000 0.0000 0.0000 0.0000 0.0000 0.0000 0.0000 0.0000 0.0000 0.0000 0.0000 0.0000 0.0000 0.0000 0.0000 0.0000 0.0000 0.0000
