0.1094 0.1875 0.3578 0.5093 0.6047 0.6443 0.6279 0.5556 0.5679 0.5556 0.5185 0.4568 0.3704 0.2593 0.1235 0.0000 0.0000 0.0000 0.0000 0.0000 0.0000 0.0000 0.0000 0.0000 0.0000 0.0000 0.0000 0.0000 0.0000 0.0000 0.0000 0.0000 0.0000 0.0000 0.0000 0.0000 0.0000 0.0000 0.0000 0.0000
0.3125 0.4894 0.6968 0.8482 0.9437 0.9832 0.9668 0.8945 0.7662 0.6914 0.6543 0.5926 0.5062 0.3951 0.2593 0.0988 0.0000 0.0000 0.0000 0.0000 0.0000 0.0000 0.0000 0.0000 0.0000 0.0000 0.0000 0.0000 0.0000 0.0000 0.0000 0.0000 0.0000 0.0000 0.0000 0.0000 0.0000 0.0000 0.0000 0.0000
0.5091 0.7724 0.9797 1.1312 1.2267 1.2662 1.2498 1.1775 1.0492 0.8650 0.7654 0.7037 0.6173 0.5062 0.3704 0.2099 0.0247 0.0000 0.0000 0.0000 0.0000 0.0000 0.0000 0.0000 0.0000 0.0000 0.0000 0.0000 0.0000 0.0000 0.0000 0.0000 0.0000 0.0000 0.0000 0.0000 0.0000 0.0000 0.0000 0.0000
0.7361 0.9994 1.2068 1.3582 1.4537 1.4932 1.4769 1.4045 1.2762 1.0920 0.8519 0.7901 0.7037 0.5926 0.4568 0.2963 0.1111 0.0000 0.0000 0.0000 0.0000 0.0000 0.0000 0.0000 0.0000 0.0000 0.0000 0.0000 0.0000 0.0000 0.0000 0.0000 0.0000 0.0000 0.0000 0.0000 0.0000 0.0000 0.0000 0.0000
0.9072 1.1705 1.3779 1.5293 1.6248 1.6644 1.6480 1.5756 1.4473 1.2631 1.0230 0.8519 0.7654 0.6543 0.5185 0.3580 0.1728 0.0000 0.0000 0.0000 0.0000 0.0000 0.0000 0.0000 0.0000 0.0204 0.0000 0.0000 0.0000 0.0000 0.0000 0.0000 0.0000 0.0000 0.0000 0.0000 0.0000 0.0000 0.0000 0.0000
1.0224 1.2857 1.4931 1.6845 1.7400 1.7795 1.7631 1.6908 1.5625 1.3783 1.1381 0.8889 0.8025 0.6914 0.5556 0.3951 0.2099 0.0000 0.0000 0.0000 0.0000 0.0000 0.1020 0.2041 0.2653 0.2857 0.2653 0.2041 0.1020 0.0000 0.0278 0.0000 0.0000 0.0000 0.0000 0.0000 0.0000 0.0000 0.0000 0.0000
1.1216 1.5849 1.9123 2.1037 2.1592 2.0787 1.8623 1.7500 1.6217 1.4375 1.1973 0.9012 0.8148 0.7037 0.5679 0.4074 0.2222 0.0123 0.0000 0.0000 0.0000 0.1837 0.3265 0.4286 0.4898 0.5102 0.4898 0.5119 0.5488 0.4892 0.3333 0.3056 0.2222 0.0833 0.0000 0.0000 0.0000 0.0000 0.0000 0.0000
1.4049 1.8682 2.1956 2.3870 2.4425 2.3620 2.1456 1.7933 1.6250 1.4408 1.2006 0.9045 0.8025 0.6914 0.5556 0.3951 0.2099 0.0000 0.0000 0.0000 0.1837 0.3673 0.5102 0.6122 0.6735 0.6939 0.8124 0.9456 0.9824 0.9229 0.7670 0.5556 0.4722 0.3333 0.1389 0.0000 0.0000 0.0000 0.0000 0.0000
1.5522 2.0155 2.3429 2.5343 2.5898 2.5094 2.2930 1.9406 1.5723 1.3881 1.1480 0.8519 0.7654 0.6543 0.5185 0.3580 0.1728 0.0000 0.0000 0.1020 0.3265 0.5102 0.6531 0.7551 0.8163 0.9201 1.1497 1.2829 1.3197 1.2602 1.1043 0.8520 0.6667 0.5278 0.3333 0.0833 0.0000 0.0000 0.0000 0.0000
1.5636 2.0269 2.3543 2.5457 2.6012 2.5207 2.3044 1.9520 1.4637 1.2795 1.0394 0.7901 0.7037 0.5926 0.4568 0.2963 0.1111 0.0000 0.0000 0.2041 0.4286 0.6122 0.7551 0.8571 0.9184 1.1610 1.3906 1.5238 1.5607 1.5011 1.3452 1.0930 0.8056 0.6667 0.4722 0.2222 0.0000 0.0000 0.0000 0.0000
1.4391 1.9024 2.2297 2.4212 2.4767 2.3962 2.1798 1.8275 1.3392 1.1150 0.8748 0.7037 0.6173 0.5062 0.3704 0.2099 0.0247 0.0100 0.0000 0.2653 0.4898 0.6735 0.8163 0.9184 0.9796 1.3056 1.5351 1.6684 1.7052 1.6457 1.4898 1.2375 0.8889 0.7500 0.5556 0.3056 0.0000 0.0000 0.0000 0.0000
1.2650 1.6419 1.9693 2.1607 2.2162 2.1357 1.9193 1.5670 1.0787 0.8945 0.6543 0.5926 0.5062 0.4351 0.3693 0.2588 0.1900 0.2000 0.2104 0.4457 0.6202 0.7339 0.8367 0.9388 1.0278 1.3537 1.5833 1.7166 1.7534 1.6939 1.5380 1.2857 0.9371 0.7778 0.5833 0.3333 0.0278 0.0000 0.0000 0.0000
1.0044 1.2825 1.5728 1.7643 1.8197 1.7393 1.5229 1.1706 0.8023 0.6181 0.5185 0.4668 0.4904 0.4693 0.4035 0.3300 0.3600 0.3700 0.3600 0.5953 0.7698 0.8835 0.9363 0.9284 0.9796 1.3056 1.5351 1.6684 1.7052 1.6457 1.4898 1.2375 0.8889 0.7500 0.5556 0.3056 0.0000 0.0000 0.0000 0.0000
0.6325 0.9106 1.0775 1.2319 1.2874 1.2069 0.9905 0.6382 0.4699 0.3951 0.3880 0.4563 0.4799 0.4588 0.4300 0.4800 0.5100 0.5200 0.5100 0.6841 0.8586 0.9722 1.0251 1.0171 0.9484 1.1610 1.3906 1.5238 1.5607 1.5011 1.3452 1.0930 0.8056 0.6667 0.4722 0.2222 0.0000 0.0000 0.0000 0.0000
0.1494 0.4275 0.5944 0.6500 0.6191 0.5386 0.3222 0.2099 0.2222 0.2199 0.3328 0.4011 0.4247 0.4900 0.5600 0.6100 0.6400 0.6500 0.6400 0.7120 0.8865 1.0002 1.0531 1.0451 0.9763 0.9301 1.1497 1.2829 1.3197 1.2602 1.1043 0.8520 0.6667 0.5278 0.3333 0.0833 0.0000 0.0000 0.0000 0.0000
0.0000 0.0000 0.0000 0.0556 0.0000 0.0000 0.0000 0.0000 0.0123 0.1200 0.2700 0.4000 0.5100 0.6000 0.6700 0.7200 0.7500 0.7600 0.7500 0.7200 0.8537 0.9673 1.0202 1.0122 0.9435 0.8139 0.8124 0.9456 0.9824 0.9229 0.7670 0.5556 0.4722 0.3333 0.1389 0.0000 0.0000 0.0000 0.0000 0.0000
0.0000 0.0000 0.0000 0.0000 0.0000 0.0000 0.0000 0.0000 0.0400 0.2100 0.3600 0.4900 0.6000 0.6900 0.7600 0.8100 0.8400 0.8500 0.8400 0.8100 0.7600 0.8737 0.9265 0.9186 0.8498 0.7202 0.5298 0.5119 0.5488 0.4892 0.3333 0.3056 0.2222 0.0833 0.0000 0.0000 0.0000 0.0000 0.0000 0.0000
0.0000 0.0000 0.0000 0.0000 0.0000 0.0000 0.0000 0.0000 0.1100 0.2800 0.4300 0.5600 0.6700 0.7600 0.8300 0.8800 0.9100 0.9200 0.9100 0.8800 0.8300 0.7600 0.7720 0.7641 0.6953 0.5657 0.3753 0.2041 0.1020 0.0000 0.0278 0.0000 0.0000 0.0000 0.0000 0.0000 0.0000 0.0000 0.0000 0.0000
0.0000 0.0000 0.0000 0.0000 0.0000 0.0000 0.0000 0.0000 0.1600 0.3300 0.4800 0.6100 0.7200 0.8100 0.8800 0.9300 0.9600 0.9700 0.9600 0.9300 0.8800 0.8100 0.7200 0.6100 0.4800 0.3504 0.1600 0.0000 0.0000 0.0000 0.0000 0.0000 0.0000 0.0000 0.0000 0.0000 0.0000 0.0000 0.0000 0.0000
0.0000 0.0000 0.0000 0.0000 0.0000 0.0000 0.0000 0.0000 0.1900 0.3600 0.5100 0.6400 0.7500 0.8400 0.9100 0.9600 0.9900 1.0000 0.9900 0.9600 0.9100 0.8400 0.7500 0.6400 0.5100 0.3600 0.1900 0.0000 0.0000 0.0000 0.0000 0.0000 0.0000 0.0000 0.0000 0.0000 0.0000 0.0000 0.0000 0.0000
0.0000 0.0000 0.0000 0.0000 0.0000 0.0000 0.0000 0.0100 0.2000 0.3700 0.5200 0.6500 0.7600 0.8500 0.9200 0.9700 1.0000 1.0100 1.0000 0.9700 0.9200 0.8500 0.7600 0.6500 0.5200 0.3700 0.2000 0.0100 0.0000 0.0000 0.0000 0.0000 0.0000 0.0000 0.0000 0.0000 0.0000 0.0000 0.0000 0.0000
0.0000 0.0000 0.0000 0.0000 0.0000 0.0000 0.0000 0.0000 0.1900 0.3600 0.5100 0.6400 0.7500 0.8400 0.9100 0.9600 0.9900 1.0000 0.9900 0.9600 0.9100 0.8400 0.7500 0.6400 0.5100 0.3600 0.1900 0.0000 0.0000 0.0000 0.0000 0.0000 0.0000 0.0000 0.0000 0.0000 0.0000 0.0000 0.0000 0.0000
0.0000 0.0000 0.0000 0.0000 0.0000 0.0000 0.0000 0.0000 0.1600 0.3300 0.4800 0.6100 0.7200 0.8100 0.8800 0.9300 0.9600 0.9700 0.9600 0.9300 0.8800 0.8100 0.7200 0.6100 0.4800 0.3300 0.1600 0.0000 0.0000 0.0000 0.0000 0.0000 0.0000 0.0000 0.0000 0.0000 0.0000 0.0000 0.0000 0.0000
0.0000 0.0000 0.0000 0.0000 0.0000 0.0000 0.0000 0.0000 0.1100 0.2800 0.4300 0.5600 0.6700 0.7600 0.8300 0.8800 0.9100 0.9200 0.9100 0.8800 0.8300 0.7600 0.6700 0.5600 0.4300 0.2800 0.1100 0.0000 0.0000 0.0000 0.0000 0.0000 0.0000 0.0000 0.0000 0.0000 0.0000 0.0000 0.0000 0.0000
0.0000 0.0000 0.0000 0.0000 0.0000 0.0000 0.0000 0.0000 0.0400 0.2100 0.3600 0.4900 0.6000 0.6900 0.7600 0.8100 0.8400 0.8500 0.8400 0.8100 0.7600 0.6900 0.6000 0.4900 0.3600 0.2100 0.0400 0.0000 0.0000 0.0000 0.0000 0.0000 0.0000 0.0000 0.0000 0.0000 0.0000 0.0000 0.0000 0.0000
0.0000 0.0000 0.0000 0.0000 0.0000 0.0000 0.0000 0.0000 0.0000 0.1200 0.2700 0.4000 0.5100 0.6000 0.6700 0.7200 0.7500 0.7600 0.7500 0.7200 0.6700 0.6000 0.5100 0.4000 0.2700 0.1200 0.0000 0.0000 0.0000 0.0000 0.0000 0.0000 0.0000 0.0000 0.0000 0.0000 0.0000 0.0000 0.0000 0.0000
0.0000 0.0000 0.0000 0.0000 0.0000 0.0000 0.0000 0.0000 0.0000 0.0100 0.1600 0.2900 0.4000 0.4900 0.5600 0.6100 0.6400 0.6500 0.6400 0.6100 0.5600 0.4900 0.4000 0.2900 0.1600 0.0100 0.0000 0.0000 0.0000 0.0000 0.0000 0.0000 0.0000 0.0000 0.0000 0.0000 0.0000 0.0000 0.0000 0.0000
0.0000 0.0000 0.0000 0.0000 0.0000 0.0000 0.0000 0.0000 0.0000 0.0000 0.0300 0.1600 0.2700 0.3600 0.4300 0.4800 0.5100 0.5200 0.5100 0.4800 0.4300 0.3600 0.2700 0.1600 0.0300 0.0000 0.0000 0.0000 0.0000 0.0000 0.0000 0.0000 0.0000 0.0000 0.0000 0.0000 0.0000 0.0000 0.0000 0.0000
0.0000 0.0000 0.0000 0.0000 0.0000 0.0000 0.0000 0.0000 0.0000 0.0000 0.0000 0.0100 0.1200 0.2100 0.2800 0.3300 0.3600 0.3700 0.3600 0.3300 0.2800 0.2100 0.1200 0.0100 0.0000 0.0000 0.0000 0.0000 0.0000 0.0000 0.0000 0.0000 0.0000 0.0000 0.0000 0.0000 0.0000 0.0000 0.0000 0.0000
0.0000 0.0000 0.0000 0.0000 0.0000 0.0000 0.0000 0.0000 0.0000 0.0000 0.0000 0.0000 0.0000 0.0400 0.1100 0.1600 0.1900 0.2000 0.1900 0.1600 0.1100 0.0400 0.0000 0.0000 0.0000 0.0000 0.0000 0.0000 0.0000 0.0000 0.0000 0.0000 0.0000 0.0000 0.0000 0.0000 0.0000 0.0000 0.0000 0.0000
0.0000 0.0000 0.0000 0.0000 0.0000 0.0000 0.0000 0.0000 0.0000 0.0000 0.0000 0.0000 0.0000 0.0000 0.0000 0.0000 0.0000 0.0100 0.0000 0.0000 0.0000 0.0000 0.0000 0.0000 0.0000 0.0000 0.0000 0.0000 0.0000 0.0000 0.0000 0.0000 0.0000 0.0000 0.0000 0.0000 0.0000 0.0000 0.0000 0.0000
0.0000 0.0000 0.0000 0.0000 0.0000 0.0000 0.0000 0.0000 0.0000 0.0000 0.0000 0.0000 0.0000 0.0000 0.0000 0.0000 0.0000 0.0000 0.0000 0.0000 0.0000 0.0000 0.0000 0.0000 0.0000 0.0000 0.0000 0.0000 0.0000 0.0000 0.0000 0.0000 0.0000 0.0000 0.0000 0.0000 0.0000 0.0000 0.0000 0.0000
0.0000 0.0000 0.0000 0.0000 0.0000 0.0000 0.0000 0.0000 0.0000 0.0000 0.0000 0.0000 0.0000 0.0000 0.0000 0.0000 0.0000 0.0000 0.0000 0.0000 0.0000 0.0000 0.0000 0.0000 0.0000 0.0000 0.0000 0.0000 0.0000 0.0000 0.0000 0.0000 0.0000 0.0000 0.0000 0.0000 0.0000 0.0000 0.0000 0.0000
0.0000 0.0000 0.0000 0.0000 0.0000 0.0000 0.0000 0.0204 0.0000 0.0000 0.0000 0.0000 0.0000 0.0000 0.0000 0.0000 0.0000 0.0000 0.0000 0.0000 0.0000 0.0000 0.0000 0.0000 0.0000 0.0000 0.0000 0.0000 0.0000 0.0000 0.0000 0.0000 0.0000 0.0000 0.0000 0.0000 0.0000 0.0000 0.0000 0.0000
0.0000 0.0000 0.0000 0.0000 0.1020 0.2141 0.2653 0.2857 0.2653 0.2041 0.1020 0.0000 0.0000 0.0156 0.0000 0.0000 0.0000 0.0000 0.0000 0.0000 0.0000 0.0000 0.0000 0.0000 0.0000 0.0000 0.0000 0.0000 0.0000 0.0000 0.0000 0.0000 0.0000 0.0000 0.0000 0.0000 0.0000 0.0000 0.0000 0.0000
0.0000 0.0400 0.1100 0.3437 0.5165 0.6286 0.6798 0.6702 0.5998 0.4686 0.4359 0.3712 0.2344 0.2500 0.2344 0.1875 0.1094 0.0000 0.0000 0.0000 0.0000 0.0000 0.0000 0.0000 0.0000 0.0000 0.0000 0.0000 0.0000 0.0000 0.0000 0.0000 0.0000 0.0000 0.0000 0.0000 0.0000 0.0000 0.0000 0.0000
0.1200 0.2100 0.4637 0.6973 0.8702 0.9822 1.0335 1.0239 1.0160 1.0254 0.9427 0.7680 0.6212 0.4531 0.4375 0.3906 0.3125 0.2031 0.0625 0.0000 0.0000 0.0000 0.0000 0.0000 0.0000 0.0000 0.0000 0.0000 0.0000 0.0000 0.0000 0.0000 0.0000 0.0000 0.0000 0.0000 0.0000 0.0000 0.0000 0.0000
0.2700 0.4620 0.7565 0.9902 1.1631 1.2751 1.3263 1.3792 1.4807 1.4901 1.4074 1.2327 0.9659 0.7270 0.6094 0.5625 0.4844 0.3750 0.2344 0.0625 0.0000 0.0000 0.0000 0.0000 0.0000 0.0000 0.0000 0.0000 0.0000 0.0000 0.0000 0.0000 0.0000 0.0000 0.0000 0.0000 0.0000 0.0000 0.0000 0.0000
0.4000 0.6941 0.9886 1.2222 1.3951 1.5071 1.5584 1.7519 1.8534 1.8628 1.7801 1.6054 1.3386 0.9797 0.7500 0.7031 0.6250 0.5156 0.3750 0.2031 0.0000 0.0000 0.0000 0.0000 0.0000 0.0000 0.0000 0.0000 0.0000 0.0000 0.0000 0.0000 0.0000 0.0000 0.0000 0.0000 0.0000 0.0000 0.0000 0.0000
0.5100 0.8653 1.1598 1.3935 1.5663 1.6784 1.8390 2.0325 2.1340 2.1434 2.0607 1.8860 1.6192 1.2603 0.8594 0.8125 0.7344 0.6250 0.4844 0.3125 0.1094 0.0000 0.0000 0.0000 0.0000 0.0000 0.0000 0.0000 0.0000 0.0000 0.0000 0.0000 0.0000 0.0000 0.0000 0.0000 0.0000 0.0000 0.0000 0.0000
