0.0000 0.0000 0.0100 0.1200 0.2100 0.2800 0.3300 0.3600 0.3700 0.3600 0.3300 0.2800 0.2100 0.1200 0.0100 0.0000 0.0000 0.0000 0.0000 0.0000 0.0000 0.0000 0.0000 0.0000 0.0000 0.0000 0.0400 0.0000 0.0000 0.0000 0.0000 0.0000 0.0000 0.0000 0.0000 0.0000 0.0000 0.0000 0.0000 0.0000
0.0000 0.0300 0.1600 0.2700 0.3600 0.4300 0.4800 0.5100 0.5200 0.5100 0.4800 0.4300 0.3600 0.2700 0.1600 0.0300 0.0000 0.0000 0.0000 0.0000 0.0000 0.0000 0.0000 0.0400 0.2400 0.3600 0.4000 0.3600 0.2400 0.0400 0.0000 0.0000 0.0000 0.0000 0.0000 0.0000 0.0000 0.0000 0.0000 0.0000
0.0100 0.1600 0.2900 0.4000 0.4900 0.5600 0.6100 0.6400 0.6500 0.6400 0.6100 0.5600 0.4900 0.4000 0.2900 0.1600 0.0100 0.0000 0.0000 0.0000 0.0000 0.0000 0.0400 0.3200 0.5200 0.6400 0.6800 0.6400 0.5200 0.3200 0.0400 0.0000 0.0000 0.0000 0.0000 0.0000 0.0000 0.0000 0.0000 0.0000
0.1200 0.2700 0.4000 0.5100 0.6000 0.6700 0.7200 0.7500 0.7600 0.7500 0.7200 0.6700 0.6000 0.5100 0.4000 0.2700 0.1200 0.0000 0.0000 0.0000 0.0000 0.0000 0.2400 0.5200 0.7200 0.8400 0.8800 0.8400 0.7200 0.5200 0.2400 0.0000 0.0000 0.0000 0.0000 0.0000 0.0000 0.0000 0.0000 0.0000
0.2100 0.3600 0.4900 0.6000 0.6900 0.7600 0.8100 0.8400 0.8500 0.8400 0.8100 0.7600 0.6900 0.6000 0.4900 0.3600 0.2100 0.0400 0.0000 0.0000 0.0000 0.0000 0.3600 0.6400 0.8400 0.9600 1.0000 0.9600 0.8400 0.6400 0.3600 0.0000 0.0000 0.0000 0.0000 0.0000 0.0000 0.0000 0.0000 0.0000
0.2800 0.4300 0.5600 0.6700 0.7600 0.8300 0.8800 0.9100 0.9200 0.9100 0.8800 0.8300 0.7600 0.6700 0.5600 0.4300 0.2800 0.1100 0.0000 0.0000 0.0000 0.0400 0.4000 0.6800 0.8800 1.0000 1.0400 1.0000 0.8800 0.6800 0.4000 0.0400 0.0000 0.0000 0.0000 0.0000 0.0000 0.0000 0.0000 0.0000
0.3300 0.4800 0.6100 0.7200 0.8100 0.8800 0.9300 0.9600 0.9700 0.9600 0.9300 0.8800 0.8100 0.7200 0.6100 0.4800 0.3300 0.1600 0.0000 0.0000 0.0000 0.0000 0.3600 0.6400 0.8400 0.9600 1.0000 0.9600 0.8400 0.6400 0.3600 0.0000 0.0000 0.0000 0.0000 0.0000 0.0000 0.0000 0.0000 0.0000
0.3600 0.5100 0.6400 0.7500 0.8400 0.9100 0.9600 0.9900 1.0000 0.9900 0.9600 0.9100 0.8400 0.7500 0.6400 0.5100 0.3600 0.1900 0.0000 0.0000 0.0000 0.0000 0.2400 0.5200 0.7200 0.8400 0.8800 0.8400 0.7200 0.5200 0.2400 0.0000 0.0000 0.0000 0.0000 0.0000 0.0000 0.0000 0.0000 0.0000
0.3700 0.5200 0.6500 0.7600 0.8500 0.9200 0.9700 1.0000 1.0100 1.0000 0.9700 0.9200 0.8500 0.7600 0.6500 0.5200 0.3700 0.2000 0.0100 0.0000 0.0000 0.0000 0.0400 0.3200 0.5200 0.6400 0.6800 0.6400 0.5200 0.3200 0.0400 0.0000 0.0000 0.0000 0.0000 0.0000 0.0000 0.0000 0.0000 0.0000
0.3600 0.5100 0.6400 0.7500 0.8400 0.9100 0.9600 0.9900 1.0000 0.9900 0.9600 0.9100 0.8400 0.7500 0.6400 0.5100 0.3600 0.1900 0.0000 0.0000 0.0000 0.0000 0.0000 0.0400 0.2400 0.3600 0.4000 0.3600 0.2400 0.0400 0.0000 0.0000 0.0000 0.0000 0.0000 0.0000 0.0000 0.0000 0.0000 0.0000
0.3300 0.4800 0.6100 0.7200 0.8100 0.9200 0.9300 0.9600 0.9700 0.9600 0.9300 0.8800 0.8100 0.7200 0.6100 0.4800 0.3300 0.1600 0.0000 0.0000 0.0000 0.0000 0.0000 0.0000 0.0000 0.0000 0.0400 0.0000 0.0000 0.0000 0.0000 0.0000 0.0000 0.0000 0.0000 0.0000 0.0000 0.0000 0.0000 0.0000
0.2800 0.4300 0.6000 0.9100 1.1200 1.2300 1.2400 1.1500 0.9600 0.9100 0.8800 0.8300 0.7600 0.6700 0.5600 0.4300 0.2800 0.1100 0.0000 0.0000 0.0000 0.0000 0.0000 0.0000 0.0000 0.0000 0.0000 0.0000 0.0000 0.0000 0.0000 0.0000 0.0000 0.0000 0.0000 0.0000 0.0000 0.0000 0.0000 0.0000
0.2100 0.4000 0.8100 1.1200 1.3300 1.4400 1.4500 1.3600 1.1700 0.8800 0.8100 0.7600 0.6900 0.6000 0.4900 0.3600 0.2100 0.0400 0.0000 0.0000 0.0000 0.0000 0.0000 0.0000 0.0000 0.0000 0.0000 0.0000 0.0000 0.0000 0.0000 0.0000 0.0000 0.0000 0.0000 0.0000 0.0000 0.0000 0.0000 0.0000
0.1200 0.5100 0.9200 1.2300 1.4400 1.5500 1.5600 1.4700 1.2800 0.9900 0.7200 0.6700 0.6000 0.5100 0.4000 0.2700 0.1200 0.0000 0.0000 0.0000 0.0000 0.0000 0.0000 0.0000 0.0000 0.0000 0.0000 0.0000 0.0000 0.0000 0.0000 0.0000 0.0000 0.0000 0.0000 0.0000 0.0000 0.0000 0.0000 0.0000
0.0100 0.5200 0.9300 1.2400 1.4500 1.5600 1.5700 1.4800 1.2900 1.0000 0.6100 0.5600 0.4900 0.4000 0.2900 0.1600 0.0100 0.0000 0.0000 0.0000 0.0000 0.0000 0.0000 0.0000 0.0000 0.0000 0.0000 0.0000 0.0000 0.0000 0.0000 0.0000 0.0000 0.0000 0.0000 0.0000 0.0000 0.0000 0.0000 0.0000
0.0400 0.4300 0.8400 1.1500 1.3600 1.4700 1.4800 1.3900 1.2000 0.9100 0.5200 0.4504 0.3600 0.2700 0.1600 0.0300 0.0000 0.0000 0.0000 0.0000 0.0000 0.0000 0.0000 0.0000 0.0000 0.0000 0.0000 0.0000 0.0000 0.0000 0.0000 0.0000 0.0000 0.0000 0.0000 0.0000 0.0000 0.0000 0.0000 0.0000
0.0000 0.3600 0.6500 0.9600 1.1700 1.2800 1.2900 1.2000 1.1120 0.9241 0.5953 0.5657 0.4753 0.3241 0.1120 0.0000 0.0000 0.0000 0.0000 0.0000 0.0000 0.0000 0.0000 0.0000 0.0000 0.0000 0.0000 0.0000 0.0000 0.0000 0.0000 0.0000 0.0000 0.0000 0.0000 0.0000 0.0000 0.0000 0.0000 0.0000
0.0000 0.2400 0.5200 0.7200 0.8800 0.9900 1.0000 1.0937 1.0465 0.8586 0.6498 0.6202 0.5298 0.4286 0.3265 0.1837 0.0000 0.0000 0.0000 0.0000 0.0000 0.0000 0.0000 0.0000 0.0000 0.0000 0.0000 0.0000 0.0000 0.0000 0.0000 0.0000 0.0000 0.0000 0.0000 0.0000 0.0000 0.0000 0.0000 0.0000
0.0000 0.0400 0.3200 0.5200 0.6400 0.6800 0.8237 0.8873 0.8402 0.6622 0.6735 0.6939 0.6735 0.6122 0.5102 0.3673 0.1837 0.0000 0.0000 0.0000 0.0000 0.0000 0.0000 0.0000 0.0000 0.0000 0.0000 0.0000 0.0000 0.0000 0.0000 0.0000 0.0000 0.0000 0.0000 0.0000 0.0000 0.0000 0.0000 0.0000
0.0000 0.0000 0.0400 0.2400 0.3600 0.5420 0.7965 0.9102 0.8831 0.9551 1.0063 0.9967 0.9263 0.7951 0.6531 0.5102 0.3265 0.1020 0.0000 0.0000 0.0000 0.0000 0.0000 0.0000 0.0000 0.0000 0.0000 0.0000 0.0000 0.0000 0.0000 0.0000 0.0000 0.0000 0.0000 0.0000 0.0000 0.0000 0.0000 0.0000
0.0000 0.0000 0.0000 0.0100 0.1200 0.4541 0.7086 0.9422 1.1151 1.2271 1.2784 1.2688 1.1984 1.0671 0.8751 0.6222 0.4286 0.2041 0.0000 0.0000 0.0000 0.0000 0.0000 0.0000 0.0000 0.0000 0.0000 0.0000 0.0000 0.0000 0.0000 0.0000 0.0000 0.0000 0.0000 0.0000 0.0000 0.0000 0.0000 0.0000
0.0000 0.0000 0.0300 0.1600 0.2700 0.6253 0.9198 1.1535 1.3263 1.4384 1.4896 1.4800 1.4096 1.2784 1.0863 0.8335 0.5198 0.2653 0.0000 0.0000 0.0000 0.0000 0.0000 0.0000 0.0000 0.0000 0.0000 0.0000 0.0000 0.0000 0.0000 0.0000 0.0000 0.0000 0.0000 0.0000 0.0000 0.0000 0.0000 0.0000
0.0000 0.0100 0.1600 0.2900 0.4204 0.7757 1.0702 1.3039 1.4767 1.5888 1.6400 1.6304 1.5600 1.4288 1.2367 0.9839 0.6702 0.2957 0.0204 0.0000 0.0000 0.0000 0.0000 0.0000 0.0000 0.0000 0.0000 0.0000 0.0000 0.0000 0.0000 0.0000 0.0000 0.0000 0.0000 0.0000 0.0000 0.0000 0.0000 0.0000
0.0000 0.1200 0.2700 0.4000 0.5100 0.8653 1.1598 1.3935 1.5663 1.6784 1.7296 1.7200 1.6496 1.5184 1.3263 1.0735 0.7598 0.3853 0.0000 0.0000 0.0000 0.0000 0.0000 0.0000 0.0000 0.0000 0.0000 0.0000 0.0000 0.0000 0.0000 0.0000 0.0000 0.0000 0.0000 0.0000 0.0000 0.0000 0.0000 0.0000
0.0400 0.2100 0.3600 0.4900 0.6000 0.8941 1.1886 1.4222 1.5951 1.7071 1.7584 1.7488 1.6784 1.5471 1.3551 1.1022 0.7886 0.4141 0.0400 0.0000 0.0000 0.0000 0.0000 0.0000 0.0000 0.0000 0.0000 0.0000 0.0000 0.0000 0.0000 0.0000 0.0000 0.0000 0.0000 0.0000 0.0000 0.0000 0.0000 0.0000
0.1100 0.2800 0.4300 0.5600 0.6700 0.8620 1.1565 1.3902 1.5631 1.6751 1.7263 1.7167 1.6463 1.5151 1.3231 1.0702 0.7565 0.3820 0.1100 0.0000 0.0000 0.0000 0.0000 0.0000 0.0000 0.0000 0.0000 0.0000 0.0000 0.0000 0.0000 0.0000 0.0000 0.0000 0.0000 0.0000 0.0000 0.0000 0.0000 0.0000
0.1600 0.3300 0.4800 0.6100 0.7200 0.8100 1.0637 1.2973 1.4702 1.5822 1.6335 1.6239 1.5535 1.4222 1.2302 0.9773 0.6637 0.3300 0.1600 0.0000 0.0000 0.0000 0.0000 0.0000 0.0000 0.0000 0.0000 0.0000 0.0000 0.0000 0.0000 0.0000 0.0000 0.0000 0.0000 0.0000 0.0000 0.0000 0.0000 0.0000
0.1900 0.3600 0.5100 0.6400 0.7500 0.8400 0.9100 1.1437 1.3165 1.4286 1.4798 1.4702 1.3998 1.2842 1.0765 0.8237 0.5100 0.3600 0.1900 0.0000 0.0000 0.0000 0.0000 0.0000 0.0400 0.0000 0.0000 0.0000 0.0000 0.0000 0.0000 0.0000 0.0000 0.0000 0.0000 0.0000 0.0400 0.0000 0.0000 0.0000
0.2000 0.3700 0.5200 0.6500 0.7600 0.8500 0.9200 0.9700 1.1020 1.2141 1.3747 1.4432 1.4197 1.3041 1.0964 0.8375 0.6294 0.3700 0.2000 0.0100 0.0000 0.0400 0.2400 0.3600 0.4000 0.3600 0.2400 0.0400 0.0000 0.0000 0.0000 0.0000 0.0000 0.0400 0.2400 0.3600 0.4000 0.3600 0.2400 0.0400
0.1900 0.3600 0.5100 0.6400 0.7500 0.8400 0.9100 0.9600 1.0525 1.2031 1.3025 1.3710 1.3475 1.2931 1.1875 1.0306 0.8225 0.5631 0.2525 0.0204 0.0400 0.3200 0.5200 0.6400 0.6800 0.6400 0.5200 0.3200 0.0400 0.0000 0.0000 0.0000 0.0400 0.3200 0.5200 0.6400 0.6800 0.6400 0.5200 0.3200
0.1600 0.3300 0.4800 0.6100 0.7200 0.8100 0.8800 0.9925 1.1944 1.3450 1.4444 1.4925 1.4894 1.4350 1.3294 1.1725 1.0664 0.9091 0.6597 0.3482 0.5053 0.7241 0.8220 0.8400 0.8800 0.8400 0.7200 0.5200 0.2400 0.0000 0.0000 0.0000 0.2400 0.5200 0.7200 0.8400 0.8800 0.8400 0.7200 0.5200
0.1100 0.2800 0.4300 0.5600 0.6700 0.7600 0.8300 1.0831 1.2850 1.4356 1.5350 1.5831 1.5800 1.5256 1.4200 1.4468 1.3815 1.2242 0.9748 0.7133 0.8498 1.0686 1.1665 1.1437 1.0000 0.9600 0.8400 0.6400 0.3600 0.0000 0.0000 0.0000 0.3600 0.6400 0.8400 0.9600 1.0000 0.9600 0.8400 0.6400
0.0400 0.2100 0.3600 0.4900 0.6000 0.6900 0.8694 1.1225 1.3244 1.4750 1.5744 1.6225 1.6194 1.5650 1.6430 1.6698 1.6046 1.4472 1.1978 1.0464 1.1828 1.2922 1.3902 1.3673 1.2237 1.0000 0.8800 0.6800 0.4000 0.0400 0.0000 0.0400 0.4000 0.6800 0.8800 1.0000 1.0400 1.0000 0.8800 0.6800
0.0000 0.1200 0.2700 0.4000 0.5100 0.6000 0.8575 1.1106 1.3125 1.4631 1.5625 1.6106 1.6075 1.6552 1.7740 1.8008 1.7356 1.5782 1.3788 1.2274 1.3638 1.3951 1.4931 1.4702 1.3265 1.0620 0.8400 0.6400 0.3600 0.0000 0.0000 0.0000 0.3600 0.6400 0.8400 0.9600 1.0000 0.9600 0.8400 0.6400
0.0000 0.0100 0.1600 0.2900 0.4000 0.4900 0.7944 1.0475 1.2494 1.4000 1.4994 1.5475 1.5444 1.6941 1.8129 1.8397 1.7745 1.6171 1.5277 1.3763 1.3927 1.3771 1.4751 1.4522 1.3086 1.0441 0.7200 0.5200 0.2400 0.0000 0.0000 0.0000 0.2400 0.5200 0.7200 0.8400 0.8800 0.8400 0.7200 0.5200
0.0000 0.0000 0.0300 0.1600 0.2700 0.3756 0.6800 0.9331 1.1350 1.2856 1.3850 1.4331 1.4300 1.6409 1.7598 1.7866 1.7213 1.6840 1.6046 1.4531 1.2696 1.2540 1.3363 1.3135 1.1698 0.9053 0.5200 0.3200 0.0400 0.0000 0.0000 0.0000 0.0400 0.3200 0.5200 0.6400 0.6800 0.6400 0.5200 0.3200
0.0000 0.0000 0.0000 0.0100 0.1200 0.2100 0.5144 0.7675 0.9694 1.1200 1.2194 1.2675 1.2848 1.4957 1.6146 1.6414 1.6961 1.6888 1.6094 1.4579 1.2344 0.9788 1.0767 1.0539 0.9102 0.6457 0.2604 0.0400 0.0000 0.0000 0.0000 0.0000 0.0000 0.0400 0.2400 0.3600 0.4000 0.3600 0.2400 0.0400
0.0000 0.0000 0.0000 0.0000 0.0000 0.0400 0.2975 0.5506 0.7525 0.9031 1.0025 1.0506 1.0475 1.2584 1.4273 1.5641 1.6288 1.6215 1.5421 1.3906 1.1671 0.9184 0.8163 0.6735 0.5298 0.2653 0.0000 0.0000 0.0000 0.0000 0.0000 0.0000 0.0000 0.0000 0.0000 0.0000 0.0400 0.0000 0.0000 0.0000
0.0000 0.0000 0.0000 0.0000 0.0000 0.0000 0.1094 0.3125 0.4844 0.6350 0.7344 0.8125 0.8594 1.0791 1.2879 1.4247 1.4895 1.4821 1.4027 1.2513 1.0277 0.8571 0.7551 0.6122 0.4286 0.2041 0.0000 0.0000 0.0000 0.0000 0.0000 0.0000 0.0000 0.0000 0.0000 0.0000 0.0000 0.0000 0.0000 0.0000
0.0000 0.0000 0.0000 0.0000 0.0000 0.0000 0.0000 0.2031 0.3750 0.5156 0.6250 0.7031 0.7500 0.8677 1.0765 1.2133 1.2781 1.2707 1.1913 1.0399 0.8163 0.7551 0.6531 0.5102 0.3265 0.1020 0.0000 0.0000 0.0000 0.0000 0.0000 0.0000 0.0000 0.0000 0.0000 0.0000 0.0000 0.0000 0.0000 0.0000
