0.0000 0.0000 0.0000 0.0000 0.0000 0.0000 0.0000 0.0000 0.0000 0.0000 0.0000 0.0000 0.0000 0.0000 0.0000 0.0000 0.0000 0.0000 0.0000 0.0000 0.0000 0.0000 0.0000 0.0000 0.0000 0.0000 0.0000 0.0000 0.0000 0.0000 0.0000 0.0000 0.0000 0.0000 0.0000 0.0000 0.0000 0.0000 0.0000 0.0000
0.0000 0.0000 0.0000 0.0000 0.0000 0.0000 0.0000 0.0000 0.0000 0.0000 0.0000 0.0000 0.0000 0.0000 0.0000 0.0000 0.0000 0.0000 0.0000 0.0000 0.0000 0.0000 0.0000 0.0000 0.0000 0.0000 0.0000 0.0000 0.0000 0.0000 0.0000 0.0000 0.0000 0.0000 0.0000 0.0000 0.0000 0.0000 0.0000 0.0000
0.0000 0.0000 0.0000 0.0000 0.0000 0.0000 0.0000 0.0000 0.0000 0.0000 0.0000 0.0000 0.0000 0.0000 0.0000 0.0000 0.0000 0.0278 0.0000 0.0000 0.0000 0.0000 0.0000 0.0000 0.0000 0.0000 0.0000 0.0000 0.0000 0.0000 0.0000 0.0000 0.0000 0.0000 0.0000 0.0000 0.0000 0.0000 0.0000 0.0000
0.0000 0.0000 0.0000 0.0000 0.0000 0.0000 0.0000 0.0000 0.0000 0.0000 0.0000 0.0000 0.0000 0.0000 0.0833 0.2222 0.3056 0.3333 0.3056 0.2222 0.0833 0.0000 0.0000 0.0000 0.0000 0.0000 0.0000 0.0000 0.0000 0.0000 0.0000 0.0000 0.0000 0.0000 0.0000 0.0000 0.0000 0.0400 0.0000 0.0000
0.0000 0.0000 0.0000 0.0000 0.0000 0.0000 0.0000 0.0000 0.0000 0.0000 0.0000 0.0000 0.0000 0.1389 0.3333 0.4722 0.5556 0.5833 0.5556 0.4722 0.3333 0.1389 0.0000 0.0000 0.0000 0.0000 0.0000 0.0000 0.0000 0.0000 0.0000 0.0000 0.0000 0.0000 0.0400 0.2400 0.3600 0.4000 0.3600 0.2400
0.0000 0.0000 0.0000 0.0000 0.0000 0.0000 0.0000 0.0000 0.0000 0.0000 0.0000 0.0000 0.0833 0.3333 0.5278 0.6667 0.7500 0.7778 0.7500 0.6667 0.5278 0.3333 0.0833 0.0000 0.0000 0.0000 0.0000 0.0000 0.0000 0.0000 0.0000 0.0000 0.0000 0.0400 0.3200 0.5200 0.6400 0.6800 0.6400 0.5200
0.0000 0.0000 0.0000 0.0000 0.0000 0.0000 0.0000 0.0000 0.0000 0.0000 0.0000 0.0000 0.2222 0.4722 0.6667 0.8056 0.8889 0.9167 0.8889 0.8056 0.6667 0.4722 0.2222 0.0000 0.0000 0.0000 0.0000 0.0000 0.0000 0.0000 0.0000 0.0000 0.0000 0.2400 0.5200 0.7200 0.8400 0.8800 0.8400 0.7200
0.0000 0.0000 0.0000 0.0000 0.0000 0.0000 0.0000 0.0000 0.0000 0.0000 0.0000 0.0000 0.3056 0.5556 0.7500 0.8889 0.9722 1.0000 0.9722 0.8889 0.7500 0.5556 0.3056 0.0123 0.0000 0.0000 0.0000 0.0000 0.0000 0.0000 0.0000 0.0000 0.0000 0.3600 0.6400 0.8400 0.9600 1.0000 0.9600 0.8400
0.0000 0.0000 0.0000 0.0000 0.0000 0.0000 0.0000 0.0000 0.0000 0.0000 0.0000 0.0278 0.3333 0.5833 0.7778 0.9167 1.0000 1.0278 1.0000 0.9414 0.8889 0.7562 0.5432 0.2500 0.2099 0.1728 0.1111 0.0247 0.0000 0.0000 0.0000 0.0000 0.0400 0.4000 0.6800 0.8800 1.0000 1.0400 1.0000 0.8800
0.0000 0.0000 0.0000 0.0000 0.0000 0.0000 0.0000 0.0000 0.0000 0.0000 0.0000 0.0000 0.3056 0.5556 0.7500 0.8889 0.9722 1.0000 1.0710 1.0988 1.0463 0.9136 0.7006 0.4074 0.3951 0.3580 0.2963 0.2099 0.0988 0.0000 0.0000 0.0000 0.0000 0.3600 0.6400 0.8400 0.9600 1.0000 0.9600 0.8400
0.0000 0.0000 0.0000 0.0000 0.0000 0.0000 0.0000 0.0000 0.0000 0.0000 0.0000 0.0000 0.2222 0.4722 0.6667 0.8056 0.8889 1.0401 1.1481 1.1759 1.1235 0.9907 0.7778 0.5679 0.5556 0.5185 0.4568 0.3704 0.2593 0.1235 0.0000 0.0000 0.0000 0.2400 0.5200 0.7200 0.8400 0.8800 0.8678 0.7200
0.0000 0.0000 0.0000 0.0000 0.0000 0.0000 0.0000 0.0000 0.0000 0.0000 0.0000 0.0000 0.0833 0.3333 0.5278 0.6667 0.8488 1.0370 1.1451 1.1728 1.1204 0.9877 0.7747 0.7037 0.6914 0.6543 0.5926 0.5062 0.3951 0.2593 0.1192 0.0000 0.0000 0.0400 0.3200 0.6033 0.8622 0.9856 0.9733 0.8256
0.0000 0.0000 0.0000 0.0000 0.0000 0.0000 0.0000 0.0000 0.0000 0.0000 0.0000 0.0000 0.0000 0.1389 0.3333 0.4969 0.7654 0.9537 1.0617 1.0895 1.0370 0.9043 0.8025 0.8148 0.8025 0.7654 0.7037 0.7193 0.7103 0.6357 0.4956 0.2900 0.2041 0.1020 0.1789 0.5733 0.8322 0.9556 0.9433 0.7956
0.0000 0.0000 0.0000 0.0000 0.0000 0.0000 0.0000 0.0000 0.0000 0.0000 0.0000 0.0000 0.0000 0.0000 0.0833 0.3333 0.6019 0.7901 0.8981 0.9259 0.8735 0.8519 0.8889 0.9012 0.8889 0.8519 0.9738 1.0302 1.0212 0.9466 0.8065 0.6009 0.4286 0.4099 0.5170 0.5278 0.6667 0.7900 0.7778 0.7500
0.0000 0.0000 0.0000 0.0000 0.0000 0.0000 0.0000 0.0000 0.0000 0.0000 0.0000 0.0000 0.0000 0.0000 0.0000 0.1728 0.3580 0.5463 0.6543 0.7654 0.8519 0.9136 0.9506 0.9630 0.9506 1.0973 1.2192 1.2756 1.2666 1.1920 1.0519 0.8463 0.6122 0.7324 0.8396 0.8503 0.8056 0.8889 0.9167 0.8889
0.0000 0.0000 0.0000 0.0000 0.0000 0.0000 0.0000 0.0000 0.0000 0.0000 0.0000 0.0000 0.0000 0.0000 0.0000 0.2099 0.3951 0.5556 0.6914 0.8025 0.8889 0.9506 0.9877 1.0000 1.0897 1.2771 1.3991 1.4555 1.4465 1.3719 1.2318 1.0262 0.7551 0.9586 1.0658 1.0765 0.9909 0.9722 1.0000 0.9722
0.0000 0.0000 0.0000 0.0000 0.0000 0.0000 0.0000 0.0000 0.0000 0.0000 0.0000 0.0000 0.0000 0.0000 0.0123 0.2222 0.4074 0.5679 0.7037 0.8148 0.9012 0.9630 1.0000 1.0123 1.2041 1.3915 1.5135 1.5699 1.5608 1.4863 1.3462 1.1406 0.8973 1.0884 1.1956 1.2063 1.1207 1.0000 1.0278 1.0000
0.0000 0.0000 0.0000 0.0000 0.0000 0.0000 0.0000 0.0000 0.0000 0.0000 0.0000 0.0000 0.0000 0.0000 0.0000 0.2099 0.3951 0.5556 0.6914 0.8025 0.8889 0.9506 0.9877 1.0000 1.2530 1.4404 1.5624 1.6188 1.6097 1.5351 1.3951 1.1895 0.9184 1.1219 1.2290 1.2398 1.1542 0.9722 1.0000 0.9722
0.0000 0.0000 0.0000 0.0000 0.0000 0.0000 0.0000 0.0000 0.0000 0.0000 0.0000 0.0000 0.0000 0.0000 0.0000 0.1728 0.3580 0.5185 0.6543 0.7654 0.8519 0.9136 0.9506 1.0038 1.2363 1.4238 1.5457 1.6022 1.5931 1.5185 1.3784 1.1728 0.9388 1.0590 1.1661 1.1769 1.0913 0.9093 0.9167 0.8889
0.0000 0.0000 0.0000 0.0000 0.0000 0.0000 0.0000 0.0000 0.0000 0.0000 0.0000 0.0000 0.0000 0.0000 0.0000 0.1111 0.2963 0.4568 0.5926 0.7037 0.8922 1.0559 1.1542 1.1869 1.4195 1.5457 1.5656 1.5200 1.5110 1.4364 1.2963 1.0907 0.9184 0.8997 1.0068 1.0176 0.9320 0.7500 0.7778 0.7500
0.0000 0.0000 0.0000 0.0000 0.0000 0.0000 0.0000 0.0000 0.0000 0.0000 0.0000 0.0000 0.0000 0.0000 0.0000 0.0247 0.2099 0.3704 0.5062 0.8010 1.0302 1.1940 1.2923 1.3250 1.4963 1.6226 1.6425 1.5561 1.3633 1.2887 1.1487 0.9431 0.8571 0.7651 0.7511 0.7619 0.6763 0.5556 0.5833 0.5556
0.0000 0.0000 0.0000 0.0000 0.0000 0.0000 0.0000 0.0000 0.0000 0.0000 0.0000 0.0000 0.0000 0.0000 0.0000 0.0000 0.0988 0.2593 0.5787 0.8735 1.1028 1.2666 1.3648 1.3976 1.4669 1.5931 1.6130 1.5266 1.3338 1.1156 1.0455 0.9763 0.9451 0.8531 0.7002 0.5699 0.4343 0.3456 0.3333 0.3056
0.0000 0.0000 0.0000 0.0000 0.0000 0.0000 0.0000 0.0000 0.0000 0.0000 0.0000 0.0000 0.0000 0.0000 0.0000 0.0000 0.0000 0.2255 0.5858 0.8806 1.1099 1.2736 1.3719 1.4046 1.3719 1.4573 1.4772 1.4008 1.3180 1.1090 0.9739 1.0035 0.9722 0.8802 0.7273 0.5137 0.2800 0.2100 0.1478 0.0100
0.0000 0.0000 0.0000 0.0000 0.0000 0.0000 0.0000 0.0000 0.0000 0.0156 0.0000 0.0000 0.0000 0.0000 0.0000 0.0000 0.0000 0.2041 0.5273 0.8221 1.0514 1.2152 1.3134 1.3462 1.3134 1.2152 1.2651 1.3087 1.2259 1.0539 0.9402 0.9698 0.9386 0.8465 0.6937 0.4800 0.4300 0.3723 0.2700 0.1600
0.0000 0.0000 0.0000 0.0000 0.0000 0.0000 0.1094 0.1875 0.2344 0.2500 0.2344 0.1875 0.1094 0.0000 0.0000 0.0000 0.0000 0.2653 0.4898 0.6982 0.9274 1.0912 1.1895 1.2222 1.1895 1.1012 1.0874 1.0902 1.0939 1.0206 0.8457 0.8753 0.8441 0.7767 0.7511 0.7828 0.7699 0.7122 0.6099 0.4628
0.0000 0.0000 0.0000 0.0000 0.0625 0.2031 0.3125 0.3906 0.4375 0.4531 0.4375 0.3906 0.3125 0.2031 0.0625 0.0000 0.0204 0.2857 0.5102 0.6939 0.8367 0.9388 1.0000 1.0328 1.0000 1.0588 1.1067 1.0939 1.0202 0.8857 0.7108 0.7200 0.8488 0.9699 1.0463 1.0780 1.0651 1.0074 0.9051 0.7580
0.0000 0.0000 0.0000 0.0625 0.2344 0.3750 0.4844 0.5625 0.6094 0.6250 0.6094 0.5625 0.4844 0.3750 0.2344 0.0625 0.0000 0.2653 0.4898 0.6735 0.8163 0.9184 0.9796 1.0000 1.0196 1.1284 1.1763 1.1635 1.0898 0.9553 0.7600 0.9335 1.0993 1.2204 1.2968 1.3285 1.3156 1.2579 1.1556 1.0085
0.0000 0.0000 0.0000 0.2031 0.3750 0.5156 0.6250 0.7031 0.7500 0.7656 0.7500 0.7031 0.6250 0.5156 0.3750 0.2031 0.0000 0.2041 0.4286 0.6122 0.7551 0.8571 0.9184 0.9388 1.0284 1.1371 1.1851 1.1722 1.0986 0.9641 0.9288 1.1393 1.3051 1.4262 1.5026 1.5343 1.5214 1.4637 1.3614 1.2143
0.0000 0.0000 0.1094 0.3125 0.4844 0.6250 0.7344 0.8125 0.8594 0.8750 0.8594 0.8125 0.7344 0.6250 0.4844 0.3125 0.1094 0.1020 0.3265 0.5102 0.6531 0.7551 0.8163 0.8367 0.9763 1.0851 1.1331 1.1202 1.0465 0.9367 1.0899 1.3004 1.4662 1.5873 1.6637 1.6954 1.6825 1.6248 1.5225 1.3754
0.0000 0.0000 0.1875 0.3906 0.5625 0.7031 0.8125 0.8906 0.9375 0.9531 0.9375 0.8906 0.8125 0.7031 0.5625 0.3906 0.1875 0.0000 0.1837 0.3673 0.5102 0.6122 0.6735 0.6939 0.8635 0.9722 1.0202 1.0073 0.9337 0.9511 1.2063 1.4168 1.5826 1.7037 1.7801 1.8119 1.7989 1.7412 1.6389 1.4919
0.0000 0.0000 0.2344 0.4375 0.6094 0.7500 0.8594 0.9375 0.9844 1.0000 0.9844 0.9375 0.8594 0.7500 0.6094 0.4375 0.2344 0.0000 0.0000 0.1837 0.3265 0.4286 0.4898 0.5202 0.6898 0.7986 0.8465 0.8337 0.7600 1.0228 1.2780 1.4885 1.6543 1.7754 1.8519 1.8836 1.8706 1.8130 1.7106 1.5636
0.0000 0.0156 0.2500 0.4531 0.6250 0.7656 0.8750 0.9531 1.0000 1.0156 1.0000 0.9531 0.8750 0.7656 0.6250 0.4531 0.2500 0.0156 0.0000 0.0000 0.1020 0.2041 0.2653 0.2857 0.4553 0.5641 0.6120 0.6400 0.7500 1.0499 1.3051 1.5156 1.6814 1.8025 1.8789 1.9106 1.8977 1.8400 1.7377 1.5906
0.0000 0.0000 0.2344 0.4375 0.6094 0.7500 0.8594 0.9375 0.9844 1.0000 0.9844 0.9375 0.8594 0.7500 0.6094 0.4375 0.2344 0.0000 0.0000 0.0000 0.0000 0.0000 0.0000 0.0204 0.1600 0.3300 0.4800 0.6100 0.7323 1.0322 1.2874 1.4979 1.6637 1.7848 1.8612 1.8930 1.8800 1.8223 1.7200 1.5730
0.0000 0.0000 0.1875 0.3906 0.5625 0.7031 0.8125 0.8906 0.9375 0.9531 0.9375 0.8906 0.8125 0.7031 0.5625 0.3906 0.1875 0.0000 0.0000 0.0000 0.0000 0.0000 0.0000 0.0000 0.1100 0.2800 0.4300 0.5600 0.6700 0.9699 1.2251 1.4356 1.6014 1.7225 1.7989 1.8306 1.8177 1.7600 1.6577 1.5106
0.0000 0.0000 0.1094 0.3125 0.4844 0.6250 0.7344 0.8125 0.8594 0.8750 0.8594 0.8125 0.7344 0.6250 0.4844 0.3125 0.1094 0.0000 0.0000 0.0000 0.0000 0.0000 0.0000 0.0000 0.0400 0.2100 0.3600 0.4900 0.6000 0.8628 1.1180 1.3285 1.4943 1.6154 1.6919 1.7236 1.7106 1.6530 1.5506 1.4036
0.0000 0.0000 0.0000 0.2031 0.3750 0.5156 0.6250 0.7031 0.7500 0.7656 0.7500 0.7031 0.6250 0.5156 0.3750 0.2031 0.0000 0.0000 0.0000 0.0000 0.0000 0.0000 0.0000 0.0000 0.0000 0.1200 0.2700 0.4000 0.5100 0.7111 0.9663 1.1768 1.3426 1.4637 1.5401 1.5719 1.5589 1.5012 1.3989 1.2519
0.0000 0.0000 0.0000 0.0625 0.2344 0.3750 0.4844 0.5625 0.6094 0.6250 0.6094 0.5625 0.4844 0.3750 0.2344 0.0625 0.0000 0.0000 0.0000 0.0000 0.0000 0.0000 0.0000 0.0000 0.0000 0.0100 0.1600 0.2900 0.4000 0.5147 0.7699 0.9804 1.1462 1.2673 1.3437 1.3754 1.3625 1.3048 1.2025 1.0554
0.0000 0.0000 0.0000 0.0000 0.0625 0.2031 0.3125 0.3906 0.4375 0.4531 0.4375 0.3906 0.3125 0.2031 0.0625 0.0000 0.0000 0.0000 0.0000 0.0000 0.0000 0.0000 0.0000 0.0000 0.0000 0.0000 0.0300 0.1600 0.2700 0.3600 0.5288 0.7393 0.9051 1.0262 1.1026 1.1343 1.1214 1.0637 0.9614 0.8143
0.0000 0.0000 0.0000 0.0000 0.0000 0.0000 0.1094 0.1875 0.2344 0.2500 0.2344 0.1875 0.1094 0.0000 0.0000 0.0000 0.0000 0.0000 0.0000 0.0000 0.0000 0.0000 0.0000 0.0000 0.0000 0.0000 0.0000 0.0100 0.1200 0.2100 0.2800 0.4535 0.6193 0.7404 0.8168 0.8485 0.8356 0.7779 0.6756 0.5285
0.0000 0.0000 0.0000 0.0000 0.0000 0.0000 0.0000 0.0000 0.0000 0.0156 0.0000 0.0000 0.0000 0.0000 0.0000 0.0000 0.0000 0.0000 0.0000 0.0000 0.0000 0.0000 0.0000 0.0000 0.0000 0.0000 0.0000 0.0000 0.0000 0.0400 0.1100 0.1600 0.2888 0.4099 0.4863 0.5180 0.5051 0.4474 0.3951 0.3580
