0.0000 0.0000 0.0000 0.0000 0.0000 0.0000 0.0000 0.0000 0.0000 0.0000 0.0000 0.0000 0.0000 0.0000 0.0000 0.0000 0.0000 0.0000 0.0000 0.0000 0.0000 0.0000 0.0000 0.0000 0.0000 0.0123 0.0000 0.0000 0.0000 0.0000 0.0000 0.0000 0.0000 0.0000 0.0000 0.0000 0.0000 0.0000 0.0000 0.0000
0.0000 0.0000 0.0000 0.0000 0.0000 0.0000 0.0000 0.0000 0.0000 0.0000 0.0000 0.0000 0.0000 0.0000 0.0000 0.0000 0.0000 0.0000 0.0000 0.0000 0.0000 0.0247 0.1111 0.1728 0.2099 0.2222 0.2099 0.1728 0.1111 0.0247 0.0000 0.0000 0.0000 0.0000 0.0000 0.0000 0.0000 0.0000 0.0000 0.0000
0.0000 0.0000 0.0000 0.0000 0.0000 0.0000 0.0000 0.0000 0.0000 0.0000 0.0000 0.0000 0.0000 0.0000 0.0000 0.0000 0.0000 0.0000 0.0000 0.0000 0.0988 0.2099 0.2963 0.3580 0.3951 0.4074 0.3951 0.3580 0.2963 0.2099 0.0988 0.0000 0.0000 0.0000 0.0000 0.0000 0.0000 0.0000 0.0000 0.0000
0.0000 0.0000 0.0000 0.0000 0.0000 0.0000 0.0000 0.0000 0.0000 0.0000 0.0000 0.0000 0.0000 0.0000 0.0000 0.0000 0.0000 0.0000 0.0000 0.1235 0.2593 0.3704 0.4568 0.5185 0.5556 0.5679 0.5556 0.5185 0.4568 0.3704 0.2593 0.1235 0.0000 0.0000 0.0000 0.0000 0.0000 0.0000 0.0000 0.0000
0.0000 0.0000 0.0000 0.0000 0.0000 0.0000 0.0000 0.0000 0.0000 0.0000 0.0000 0.0000 0.0000 0.0000 0.0000 0.0000 0.0000 0.0000 0.0988 0.2593 0.3951 0.5062 0.5926 0.6543 0.6914 0.7037 0.6914 0.6543 0.5926 0.5062 0.3951 0.2593 0.0988 0.0000 0.0000 0.0000 0.0000 0.0000 0.0000 0.0000
0.0000 0.0000 0.0000 0.0000 0.0000 0.0000 0.0000 0.0000 0.0000 0.0000 0.0000 0.0000 0.0000 0.0000 0.0000 0.0000 0.0000 0.0247 0.2099 0.3704 0.5062 0.6173 0.7037 0.7654 0.8025 0.8148 0.8025 0.7654 0.7037 0.6173 0.5062 0.3704 0.2099 0.0247 0.0000 0.0000 0.0000 0.0000 0.0000 0.0000
0.0000 0.0000 0.0000 0.0000 0.0000 0.0000 0.0000 0.0000 0.0000 0.0000 0.0000 0.0000 0.0000 0.0000 0.0000 0.0000 0.0000 0.1111 0.2963 0.4568 0.5926 0.7037 0.7901 0.8519 0.8889 0.9012 0.8889 0.8519 0.7901 0.7037 0.5926 0.4568 0.2963 0.1111 0.0000 0.0000 0.0000 0.0000 0.0000 0.0000
0.0000 0.0000 0.0000 0.0000 0.0000 0.0000 0.0000 0.0000 0.0000 0.0000 0.0000 0.0000 0.0000 0.0000 0.0000 0.0000 0.0000 0.1728 0.3580 0.5185 0.6543 0.7654 0.8519 0.9136 0.9506 0.9630 0.9506 0.9136 0.8519 0.7654 0.6543 0.5185 0.3980 0.1728 0.0000 0.0000 0.0000 0.0000 0.0000 0.0000
0.0000 0.0000 0.0000 0.0000 0.0000 0.0000 0.0000 0.0000 0.0000 0.0000 0.0000 0.0000 0.0000 0.0000 0.0000 0.0000 0.0000 0.2099 0.3951 0.5556 0.6914 0.8025 0.8889 0.9506 0.9877 1.0000 0.9877 0.9506 0.8889 0.8425 0.9314 0.9156 0.7951 0.5699 0.2400 0.0400 0.0000 0.0000 0.0000 0.0000
0.0000 0.0000 0.0000 0.0000 0.0000 0.0000 0.0000 0.0000 0.0000 0.0000 0.0000 0.0000 0.0000 0.0000 0.0000 0.0000 0.0123 0.2222 0.4074 0.5679 0.7037 0.8148 0.9012 0.9630 1.0000 1.0123 1.0000 0.9630 0.9412 1.1348 1.2237 1.2079 1.0874 0.8622 0.5323 0.3200 0.0400 0.0000 0.0000 0.0000
0.0000 0.0000 0.0000 0.0000 0.0000 0.0000 0.0000 0.0123 0.0000 0.0000 0.0000 0.0000 0.0000 0.0000 0.0000 0.0000 0.0000 0.2099 0.3951 0.5556 0.6914 0.8025 0.8889 0.9506 0.9877 1.0000 0.9877 0.9506 1.1289 1.3225 1.4114 1.3956 1.2751 1.0499 0.7200 0.5200 0.2400 0.0000 0.0000 0.0000
0.0000 0.0000 0.0000 0.0247 0.1111 0.1728 0.2099 0.2222 0.2099 0.1728 0.1111 0.0247 0.0000 0.0000 0.0000 0.0000 0.0000 0.1728 0.3580 0.5185 0.6543 0.7654 0.8519 0.9136 0.9506 0.9630 0.9506 0.9136 1.2119 1.4054 1.4943 1.4785 1.3580 1.1328 0.8400 0.6400 0.3600 0.0000 0.0000 0.0000
0.0000 0.0000 0.0988 0.2099 0.2963 0.3580 0.3951 0.4074 0.3951 0.3580 0.2963 0.2099 0.0988 0.0000 0.0000 0.0000 0.0000 0.1111 0.2963 0.4568 0.5926 0.7037 0.7901 0.8519 0.8889 0.9012 0.8889 0.8919 1.1901 1.3837 1.4726 1.4568 1.3363 1.1111 0.8800 0.6800 0.4000 0.0400 0.0000 0.0000
0.0000 0.1235 0.2593 0.3704 0.4568 0.5185 0.5556 0.5679 0.5556 0.5185 0.4568 0.3704 0.2593 0.1235 0.0000 0.0000 0.0000 0.0247 0.2099 0.3704 0.5062 0.6173 0.7037 0.7654 0.8025 0.8304 0.8025 0.7654 1.0637 1.2573 1.3462 1.3304 1.2099 0.9847 0.8400 0.6400 0.3600 0.0000 0.0000 0.0000
0.0988 0.2593 0.3951 0.5062 0.5926 0.6543 0.6914 0.7037 0.6914 0.6543 0.5926 0.5062 0.3951 0.2593 0.0988 0.0000 0.0000 0.0000 0.0988 0.2593 0.3951 0.5062 0.7020 0.8418 0.9257 0.9537 0.9257 0.8418 0.9420 1.0262 1.1151 1.0993 0.9788 0.8400 0.7200 0.5200 0.2400 0.0000 0.0000 0.0000
0.2099 0.3704 0.5062 0.6173 0.7037 0.7654 0.8025 0.8148 0.8025 0.7654 0.7037 0.6173 0.5062 0.3704 0.2099 0.0247 0.0000 0.0000 0.0000 0.1235 0.3218 0.5735 0.7693 0.9091 0.9931 1.0210 0.9931 0.9091 0.8093 0.8935 0.8418 0.7635 0.6800 0.6400 0.5200 0.3200 0.0400 0.0833 0.2222 0.3056
0.2963 0.4568 0.5926 0.7037 0.7901 0.8519 0.8889 0.9012 0.8889 0.8519 0.7901 0.7037 0.5926 0.4568 0.2963 0.1111 0.0000 0.0000 0.0000 0.0625 0.3331 0.5849 0.7807 0.9205 1.0044 1.0324 1.0044 0.9205 0.7807 0.6249 0.5731 0.4225 0.4000 0.3600 0.2400 0.0400 0.1389 0.3333 0.4722 0.5556
0.3580 0.5185 0.6543 0.7654 0.8519 0.9136 0.9506 0.9630 0.9506 0.9136 0.8519 0.7654 0.6543 0.5185 0.3580 0.1728 0.0000 0.0000 0.0000 0.2031 0.3750 0.5403 0.7639 0.8760 0.9599 0.9878 0.9599 0.8760 0.7361 0.5403 0.3750 0.2031 0.0400 0.0000 0.0000 0.0833 0.3333 0.5278 0.6667 0.7500
0.3951 0.5556 0.6914 0.8025 0.8889 0.9506 0.9877 1.0000 0.9877 0.9506 0.8889 0.8025 0.6914 0.5556 0.3951 0.2099 0.0000 0.0000 0.1094 0.3958 0.7066 0.9306 1.0677 1.1181 1.0816 0.9707 0.8594 0.8125 0.7344 0.6250 0.4844 0.3125 0.1094 0.0000 0.0000 0.2222 0.4722 0.6667 0.8056 0.8889
0.4074 0.5679 0.7037 0.8148 0.9012 0.9630 1.0000 1.0000 1.0000 0.9630 0.9012 0.8148 0.7037 0.5679 0.4074 0.2222 0.0123 0.0000 0.3264 0.7240 1.0347 1.2587 1.3958 1.4462 1.4097 1.2865 1.0764 0.8906 0.8125 0.7031 0.5625 0.3906 0.1875 0.0000 0.0000 0.3056 0.5556 0.7500 0.8889 0.9722
0.3951 0.5556 0.6914 0.8025 0.8889 0.9506 0.9877 1.0000 0.9877 0.9506 0.8889 0.8025 0.6914 0.5556 0.3951 0.2099 0.0000 0.0833 0.5677 0.9653 1.2760 1.5000 1.6372 1.6875 1.6510 1.5278 1.3177 1.0208 0.8594 0.7500 0.6094 0.4375 0.2344 0.0000 0.0278 0.3333 0.5833 0.7778 0.9167 1.0000
0.3580 0.5185 0.6543 0.7654 0.8519 0.9136 0.9506 0.9630 0.9506 0.9136 0.8519 0.7654 0.6543 0.5185 0.3580 0.1728 0.0000 0.2378 0.7222 1.1198 1.4306 1.6545 1.7917 1.8420 1.8056 1.6823 1.4722 1.1753 0.8750 0.7656 0.6250 0.4531 0.2500 0.0156 0.0000 0.3056 0.5556 0.7500 0.8889 0.9722
0.2963 0.4568 0.5926 0.7037 0.7901 0.8519 0.8889 0.9012 0.8889 0.8519 0.7901 0.7037 0.5926 0.4568 0.2963 0.1111 0.0000 0.3056 0.7899 1.1875 1.4983 1.7222 1.8594 1.9097 1.8733 1.7500 1.5399 1.2431 0.8594 0.7500 0.6094 0.4375 0.2344 0.0000 0.0000 0.2222 0.4722 0.6667 0.8056 0.8889
0.2099 0.3704 0.5062 0.6173 0.7037 0.7654 0.8025 0.8148 0.8025 0.7654 0.7037 0.6173 0.5062 0.3704 0.2099 0.0247 0.0278 0.3333 0.7708 1.1684 1.4792 1.7031 1.8125 1.8906 1.8542 1.7309 1.5208 1.2240 0.8403 0.7031 0.5625 0.3906 0.1875 0.0000 0.0000 0.0833 0.3333 0.5278 0.6667 0.7500
0.0988 0.2870 0.3951 0.5062 0.5926 0.6543 0.6914 0.7037 0.6914 0.6543 0.5926 0.5062 0.3951 0.2593 0.0988 0.0000 0.0000 0.3056 0.6649 1.0625 1.3733 1.5972 1.7344 1.7847 1.7483 1.6250 1.4149 1.1181 0.7344 0.6250 0.4844 0.3125 0.1094 0.0000 0.0000 0.0000 0.1389 0.3333 0.4722 0.5556
0.3056 0.4568 0.5648 0.5926 0.5401 0.5185 0.5556 0.5802 0.5556 0.5185 0.4568 0.3704 0.2593 0.1235 0.0000 0.0000 0.0000 0.2222 0.4722 0.8698 1.1806 1.4045 1.5417 1.5920 1.5556 1.4323 1.2222 0.9253 0.6250 0.5156 0.3750 0.2031 0.0000 0.0000 0.0000 0.0000 0.0000 0.0833 0.2222 0.3056
0.5556 0.5833 0.6543 0.7068 0.7407 0.6698 0.6049 0.6296 0.6049 0.5309 0.4074 0.2346 0.0988 0.0000 0.0000 0.0000 0.0000 0.0833 0.3333 0.5903 0.9010 1.1250 1.2622 1.3125 1.2760 1.1528 0.9427 0.6458 0.4844 0.3750 0.2344 0.0625 0.0000 0.0000 0.0000 0.0000 0.0000 0.0000 0.0000 0.0000
0.7500 0.7778 0.8488 0.9012 0.9352 0.8642 0.6883 0.6296 0.6049 0.5309 0.4074 0.2346 0.0988 0.0000 0.0000 0.0000 0.0000 0.0000 0.1389 0.3333 0.5347 0.7587 0.8958 0.9462 0.9097 0.7865 0.5764 0.3906 0.3125 0.2031 0.0625 0.0000 0.0000 0.0000 0.0000 0.0000 0.0000 0.0000 0.0000 0.0000
0.8889 1.0401 1.1481 1.1759 1.1235 0.9907 0.7778 0.5802 0.5556 0.5185 0.4568 0.3704 0.2593 0.1235 0.0000 0.0000 0.0000 0.0000 0.0000 0.0833 0.2222 0.3056 0.4427 0.4931 0.4566 0.3333 0.2344 0.1875 0.1094 0.0000 0.0000 0.0000 0.0000 0.0000 0.0000 0.0000 0.0000 0.0000 0.0000 0.0000
1.0710 1.2593 1.3673 1.3951 1.3426 1.2099 0.9969 0.7037 0.6914 0.6543 0.5926 0.5062 0.3951 0.2593 0.0988 0.0000 0.0000 0.0000 0.0000 0.0000 0.0000 0.0000 0.0278 0.0000 0.0000 0.0156 0.0000 0.0000 0.0000 0.0000 0.0000 0.0000 0.0000 0.0000 0.0000 0.0000 0.0000 0.0000 0.0000 0.0000
1.2099 1.3981 1.5062 1.5340 1.4815 1.3488 1.1636 0.8426 0.8025 0.7654 0.7037 0.6173 0.5062 0.3704 0.2099 0.0247 0.0000 0.0000 0.0000 0.0000 0.0000 0.0000 0.0000 0.0000 0.0000 0.0000 0.0000 0.0000 0.0000 0.0000 0.0000 0.0000 0.0000 0.0000 0.0000 0.0000 0.0000 0.0000 0.0000 0.0000
1.2685 1.4568 1.5648 1.6759 1.7623 1.7130 1.5278 1.2068 1.1111 0.9352 0.7901 0.7037 0.5926 0.4568 0.2963 0.1111 0.0000 0.0000 0.0000 0.0000 0.0000 0.0000 0.0000 0.0000 0.0000 0.0000 0.0000 0.0000 0.0000 0.0000 0.0000 0.0000 0.0000 0.0000 0.0000 0.0000 0.0000 0.0000 0.0000 0.0000
1.2469 1.4352 1.6821 1.9043 1.9907 1.9414 1.7562 1.5185 1.4228 1.2469 0.9907 0.7654 0.6543 0.5185 0.3580 0.1728 0.0000 0.0000 0.0000 0.0000 0.0000 0.0000 0.0000 0.0000 0.0000 0.0000 0.0000 0.0000 0.0000 0.0000 0.0000 0.0000 0.0000 0.0000 0.0000 0.0000 0.0000 0.0000 0.0000 0.0000
1.1451 1.4167 1.7747 1.9969 2.0833 2.0340 1.8488 1.7500 1.6543 1.4784 1.2222 0.8858 0.6914 0.5556 0.3951 0.2099 0.0000 0.0000 0.0000 0.0000 0.0000 0.0000 0.0000 0.0000 0.0000 0.0000 0.0000 0.0000 0.0000 0.0000 0.0000 0.0000 0.0000 0.0000 0.0000 0.0000 0.0000 0.0000 0.0000 0.0000
0.9630 1.3735 1.7315 1.9537 2.0401 1.9907 1.9167 1.9012 1.8056 1.6296 1.3735 1.0370 0.7037 0.5679 0.4074 0.2222 0.0123 0.0000 0.0000 0.0000 0.0000 0.0000 0.0000 0.0000 0.0000 0.0000 0.0000 0.0000 0.0000 0.0000 0.0000 0.0000 0.0000 0.0000 0.0000 0.0000 0.0000 0.0000 0.0000 0.0000
0.7006 1.1944 1.5525 1.7747 1.8611 1.9228 1.9877 1.9722 1.8765 1.7006 1.4444 1.1080 0.6914 0.5556 0.3951 0.2099 0.0000 0.0000 0.0000 0.0000 0.0000 0.0000 0.0000 0.0000 0.0000 0.0000 0.0000 0.0000 0.0000 0.0000 0.0000 0.0000 0.0000 0.0000 0.0000 0.0000 0.0000 0.0000 0.0000 0.0000
0.3858 0.8796 1.2377 1.5432 1.7685 1.9136 1.9784 1.9630 1.8673 1.6914 1.4352 1.0988 0.6821 0.5185 0.3580 0.1728 0.0000 0.0000 0.0000 0.0000 0.0000 0.0000 0.0000 0.0000 0.0000 0.0000 0.0000 0.0000 0.0000 0.0000 0.0000 0.0000 0.0000 0.0000 0.0000 0.0000 0.0000 0.0000 0.0000 0.0000
0.2963 0.7623 1.1481 1.4537 1.6790 1.8241 1.8889 1.8735 1.7778 1.6019 1.3457 1.0093 0.5926 0.4568 0.2963 0.1111 0.0000 0.0000 0.0000 0.0000 0.0000 0.0000 0.0000 0.0000 0.0000 0.0000 0.0000 0.0000 0.0000 0.0000 0.0000 0.0000 0.0000 0.0000 0.0000 0.0000 0.0000 0.0000 0.0000 0.0000
0.2099 0.5926 0.9784 1.2840 1.5093 1.6543 1.7191 1.7037 1.6080 1.4321 1.1759 0.8395 0.5062 0.3704 0.2099 0.0247 0.0000 0.0000 0.0000 0.0000 0.0000 0.0000 0.0000 0.0000 0.0000 0.0000 0.0000 0.0000 0.0000 0.0000 0.0000 0.0000 0.0000 0.0000 0.0000 0.0000 0.0000 0.0000 0.0000 0.0000
0.0988 0.3426 0.7284 1.0340 1.2593 1.4043 1.4691 1.4537 1.3580 1.1821 0.9259 0.5895 0.3951 0.2593 0.0988 0.0000 0.0000 0.0000 0.0000 0.0000 0.0000 0.0000 0.0000 0.0000 0.0000 0.0000 0.0000 0.0000 0.0000 0.0000 0.0000 0.0000 0.0000 0.0000 0.0000 0.0000 0.0000 0.0000 0.0000 0.0000
