0.0000 0.0000 0.0000 0.0000 0.0000 0.0000 0.0000 0.0000 0.0000 0.0000 0.0000 0.0000 0.0000 0.0000 0.0000 0.0000 0.0000 0.0000 0.0000 0.0000 0.0000 0.0000 0.0000 0.0000 0.0000 0.0000 0.0000 0.0000 0.0000 0.0000 0.0000 0.0000 0.0000 0.0000 0.0000 0.0000 0.0000 0.0000 0.0000 0.0000
0.0000 0.0000 0.0000 0.0000 0.0000 0.0000 0.0000 0.0000 0.0000 0.0000 0.0000 0.0000 0.0000 0.0000 0.0000 0.0000 0.0000 0.0000 0.0000 0.0000 0.0000 0.0000 0.0000 0.0000 0.0000 0.0000 0.0000 0.0000 0.0000 0.0000 0.0000 0.0000 0.0000 0.0000 0.0000 0.0000 0.0000 0.0000 0.0000 0.0000
0.0000 0.0000 0.0000 0.0000 0.0000 0.0000 0.0000 0.0000 0.0000 0.0000 0.0000 0.0000 0.0000 0.0000 0.0000 0.0000 0.0000 0.0000 0.0000 0.0000 0.0000 0.0000 0.0000 0.0000 0.0000 0.0000 0.0000 0.0000 0.0000 0.0000 0.0000 0.0000 0.0000 0.0000 0.0000 0.0000 0.0000 0.0000 0.0000 0.0000
0.0000 0.0000 0.0000 0.0000 0.0000 0.0000 0.0000 0.0000 0.0000 0.0000 0.0000 0.0000 0.0000 0.0000 0.0000 0.0000 0.0000 0.0000 0.0000 0.0000 0.0000 0.0000 0.0000 0.0000 0.0000 0.0000 0.0000 0.0000 0.0000 0.0000 0.0000 0.0000 0.0000 0.0000 0.0000 0.0000 0.0000 0.0000 0.0000 0.0000
0.0000 0.0000 0.0000 0.0000 0.0000 0.0000 0.0000 0.0000 0.0000 0.0000 0.0000 0.0000 0.0000 0.0000 0.0000 0.0000 0.0000 0.0000 0.0000 0.0000 0.0000 0.0000 0.0000 0.0000 0.0000 0.0000 0.0000 0.0000 0.0000 0.0000 0.0000 0.0000 0.0000 0.0000 0.0000 0.0000 0.0000 0.0000 0.0000 0.0000
0.0000 0.0000 0.0000 0.0000 0.0000 0.0000 0.0000 0.0000 0.0000 0.0000 0.0000 0.0000 0.0000 0.0000 0.0000 0.0000 0.0000 0.0000 0.0000 0.0000 0.0000 0.0000 0.0000 0.0000 0.0000 0.0000 0.0000 0.0000 0.0000 0.0000 0.0000 0.0000 0.0000 0.0000 0.0000 0.0000 0.0000 0.0000 0.0000 0.0000
0.0000 0.0000 0.0000 0.0000 0.0000 0.0000 0.0000 0.0000 0.0000 0.0000 0.0000 0.0000 0.0000 0.0000 0.0000 0.0000 0.0000 0.0000 0.0000 0.0000 0.0000 0.0000 0.0000 0.0000 0.0000 0.0000 0.0000 0.0000 0.0000 0.0000 0.0000 0.0000 0.0000 0.0000 0.0000 0.0000 0.0000 0.0000 0.0000 0.0000
0.0000 0.0000 0.0000 0.0000 0.0000 0.0000 0.0000 0.0000 0.0000 0.0000 0.0000 0.0000 0.0000 0.0000 0.0000 0.0000 0.0000 0.0000 0.0000 0.0000 0.0000 0.0000 0.0000 0.0000 0.0000 0.0000 0.0000 0.0000 0.0000 0.0000 0.0000 0.0000 0.0000 0.0000 0.0000 0.0000 0.0000 0.0000 0.0000 0.0000
0.0000 0.0000 0.0000 0.0000 0.0000 0.0000 0.0000 0.0000 0.0000 0.0000 0.0000 0.0000 0.0000 0.0000 0.0000 0.0000 0.0000 0.0000 0.0000 0.0000 0.0000 0.0000 0.0000 0.0000 0.0000 0.0000 0.0000 0.0000 0.0000 0.0000 0.0000 0.0000 0.0000 0.0000 0.0000 0.0000 0.0000 0.0000 0.0000 0.0000
0.0000 0.0000 0.0000 0.0000 0.0000 0.0000 0.0000 0.0000 0.0000 0.0000 0.0000 0.0000 0.0000 0.0000 0.0000 0.0000 0.0000 0.0000 0.0000 0.0000 0.0000 0.0000 0.0000 0.0000 0.0000 0.0000 0.0000 0.0000 0.0000 0.0000 0.0000 0.0000 0.0000 0.0000 0.0000 0.0000 0.0000 0.0000 0.0000 0.0000
0.0000 0.0000 0.0000 0.0000 0.0000 0.0000 0.0000 0.0000 0.0000 0.0000 0.0000 0.0000 0.0000 0.0000 0.0000 0.0000 0.0000 0.0000 0.0000 0.0000 0.0000 0.0000 0.0000 0.0000 0.0000 0.0000 0.0000 0.0000 0.0000 0.0000 0.0000 0.0000 0.0000 0.0000 0.0000 0.0000 0.0000 0.0000 0.0000 0.0000
0.0000 0.0000 0.0000 0.0000 0.0000 0.0000 0.0000 0.0000 0.0000 0.0000 0.0000 0.0000 0.0000 0.0000 0.0000 0.0000 0.0000 0.0000 0.0000 0.0000 0.0000 0.0000 0.0000 0.0000 0.0000 0.0000 0.0000 0.0000 0.0000 0.0000 0.0000 0.0000 0.0000 0.0000 0.0000 0.0000 0.0000 0.0000 0.0000 0.0000
0.0000 0.0000 0.0000 0.0000 0.0000 0.0000 0.0000 0.0000 0.0000 0.0000 0.0000 0.0000 0.0000 0.0000 0.0000 0.0000 0.0000 0.0000 0.0000 0.0000 0.0000 0.0000 0.0000 0.0400 0.0000 0.0000 0.0000 0.0000 0.0000 0.0000 0.0000 0.0000 0.0000 0.0000 0.0000 0.0000 0.0000 0.0000 0.0000 0.0000
0.0000 0.0000 0.0000 0.0000 0.0000 0.0000 0.0000 0.0000 0.0000 0.0000 0.0000 0.0000 0.0000 0.0000 0.0000 0.0000 0.0000 0.0000 0.0000 0.0000 0.0400 0.2400 0.3600 0.4000 0.3600 0.2400 0.0400 0.0000 0.0000 0.0000 0.0000 0.0000 0.0000 0.0000 0.0000 0.0000 0.0000 0.0000 0.0000 0.0000
0.0000 0.0000 0.0000 0.0000 0.0000 0.0000 0.0000 0.0000 0.0000 0.0000 0.0000 0.0000 0.0000 0.0000 0.0000 0.0000 0.0000 0.0000 0.0000 0.0556 0.3200 0.5200 0.6400 0.6800 0.6400 0.5200 0.3356 0.0400 0.0000 0.0000 0.0000 0.0000 0.0000 0.0000 0.0000 0.0000 0.0000 0.0000 0.0000 0.0000
0.0000 0.0000 0.0000 0.0000 0.0000 0.0000 0.0000 0.0000 0.0100 0.0000 0.0000 0.0000 0.0000 0.0000 0.0000 0.0000 0.1094 0.1875 0.2344 0.4900 0.7544 0.9075 0.9494 0.9894 1.0275 0.9544 0.7700 0.4744 0.1875 0.1094 0.0000 0.0000 0.0000 0.0000 0.0000 0.0000 0.0000 0.0000 0.0000 0.0000
0.0000 0.0000 0.0000 0.0000 0.0400 0.1100 0.1600 0.1900 0.2000 0.1900 0.1600 0.1100 0.0400 0.0000 0.0625 0.2031 0.3125 0.3906 0.4375 0.8131 1.0775 1.2931 1.4756 1.5156 1.4131 1.2775 1.0931 0.7975 0.3906 0.3125 0.2031 0.0625 0.0000 0.0000 0.0000 0.0000 0.0000 0.0000 0.0000 0.0000
0.0000 0.0000 0.0100 0.1200 0.2100 0.2800 0.3300 0.3600 0.3700 0.3600 0.3300 0.2800 0.2100 0.1825 0.2444 0.3750 0.4844 0.5625 0.6494 1.0250 1.3519 1.6769 1.8594 1.8994 1.7969 1.5519 1.3050 1.0094 0.6025 0.4844 0.3750 0.2344 0.0829 0.0000 0.0000 0.0000 0.0000 0.0000 0.0000 0.0000
0.0000 0.0300 0.1600 0.2700 0.3600 0.4300 0.4800 0.5100 0.5200 0.5100 0.4800 0.4300 0.3600 0.4731 0.5350 0.5456 0.6250 0.7031 0.7500 1.1256 1.5931 1.9181 2.1006 2.1406 2.0381 1.7931 1.4056 1.1100 0.7031 0.7270 0.7197 0.6403 0.4888 0.2653 0.2041 0.1020 0.0000 0.0000 0.0000 0.0000
0.0100 0.1600 0.2900 0.4000 0.4900 0.5600 0.6100 0.6400 0.6500 0.6400 0.6100 0.5600 0.5994 0.7125 0.7744 0.7850 0.7444 0.8125 0.8594 1.2244 1.6919 2.0169 2.1994 2.2394 2.1369 1.8919 1.5044 1.0994 0.9962 1.0609 1.0536 0.9742 0.8227 0.5992 0.4286 0.3265 0.1837 0.0000 0.0000 0.0000
0.1200 0.2700 0.4000 0.5100 0.6000 0.6700 0.7200 0.7500 0.7600 0.7500 0.7200 0.6700 0.7875 0.9006 0.9625 0.9731 0.9325 0.8906 0.9375 1.1806 1.6481 1.9731 2.1556 2.1956 2.0931 1.8481 1.4606 1.1612 1.2580 1.3227 1.3154 1.2360 1.0845 0.8610 0.6122 0.5102 0.3673 0.1837 0.0000 0.0000
0.2100 0.3600 0.4900 0.6000 0.6900 0.7600 0.8100 0.8400 0.8500 0.8400 0.8100 0.7600 0.9244 1.0475 1.0994 1.1100 1.0694 0.9775 0.9844 1.2344 1.4619 1.7869 1.9694 2.0372 1.9069 1.6619 1.3764 1.3109 1.4477 1.5124 1.5051 1.4257 1.2742 1.0507 0.7551 0.6531 0.5102 0.3265 0.1020 0.0000
0.2800 0.4300 0.5600 0.6700 0.7600 0.8300 0.8800 0.9100 0.9200 0.9500 0.9900 1.0056 1.2000 1.3231 1.3750 1.3556 1.2650 1.1031 1.0156 1.2500 1.5365 1.8003 1.9462 2.0140 1.8837 1.6753 1.5530 1.4442 1.5654 1.6301 1.6228 1.5434 1.3919 1.1684 0.8728 0.7551 0.6122 0.4286 0.2041 0.0000
0.3300 0.4800 0.6100 0.7200 0.8100 0.8800 0.9300 0.9700 1.0900 1.1700 1.2100 1.2100 1.4044 1.5275 1.5794 1.5600 1.4694 1.3075 1.1044 1.3833 1.7552 2.0191 2.1649 2.1927 2.1024 1.8941 1.8330 1.6131 1.6110 1.6757 1.6684 1.5890 1.4375 1.2140 0.9184 0.8163 0.6735 0.4898 0.2653 0.0000
0.3600 0.5100 0.6400 0.7500 0.8400 0.9100 0.9900 1.1500 1.2700 1.3500 1.3900 1.3900 1.5375 1.6606 1.7125 1.6931 1.6025 1.4406 1.2908 1.6340 1.8859 2.1198 2.2656 2.2934 2.2031 2.0152 1.9541 1.7810 1.6678 1.6492 1.6419 1.5625 1.4110 1.1875 0.9388 0.8367 0.6939 0.5102 0.2857 0.0204
0.3700 0.5200 0.6500 0.7600 0.8500 0.9300 1.1300 1.2900 1.4100 1.4900 1.5300 1.5300 1.5994 1.7225 1.7744 1.7550 1.6644 1.5025 1.4916 1.7466 1.9985 2.1124 2.2483 2.2760 2.1858 1.9774 1.9163 1.8214 1.7082 1.5507 1.5434 1.4640 1.3125 1.0890 0.9184 0.8163 0.6735 0.4898 0.2653 0.0000
0.3600 0.5100 0.6400 0.7500 0.8400 1.0300 1.2300 1.3900 1.5100 1.5900 1.6300 1.6300 1.5900 1.7131 1.7650 1.7456 1.6550 1.4931 1.5656 1.7212 1.9731 2.0870 2.1128 2.1406 2.0503 1.8420 1.7197 1.7341 1.6209 1.3801 1.3728 1.2934 1.1419 0.9184 0.8571 0.7551 0.6122 0.4286 0.2041 0.0000
0.3300 0.4800 0.6100 0.7200 0.8500 1.0900 1.2900 1.4500 1.5700 1.6500 1.6900 1.6900 1.6500 1.6325 1.6844 1.6650 1.5744 1.4403 1.5427 1.6983 1.8097 1.9235 1.8994 1.8872 1.7969 1.5885 1.5048 1.5192 1.4060 1.1652 1.1301 1.0507 0.8992 0.8163 0.7551 0.6531 0.5102 0.3265 0.1020 0.0000
0.2800 0.4300 0.5600 0.6700 0.8700 1.1100 1.3200 1.4700 1.5900 1.6700 1.7100 1.7100 1.6700 1.5900 1.5325 1.5131 1.4225 1.2606 1.4131 1.5687 1.6175 1.6220 1.5978 1.5156 1.4253 1.3264 1.2031 1.1767 1.0635 0.8227 0.8154 0.7360 0.6939 0.6735 0.6122 0.5102 0.3673 0.1837 0.0000 0.0000
0.2100 0.3600 0.5300 0.7100 1.0100 1.2800 1.4900 1.6400 1.7300 1.7600 1.7300 1.6900 1.6500 1.5700 1.4500 1.2900 1.1994 1.0375 1.1766 1.3322 1.3810 1.3231 1.1583 1.0260 1.0764 1.0399 0.9167 0.7066 0.5934 0.4359 0.4286 0.4898 0.5102 0.4898 0.4286 0.3265 0.1837 0.0000 0.0000 0.0000
0.1300 0.3900 0.6100 0.7900 1.1200 1.3900 1.6000 1.7500 1.8400 1.8700 1.8400 1.7500 1.6000 1.5100 1.3900 1.2300 1.0300 0.8400 0.8333 0.9890 1.0378 1.0267 0.9400 0.7778 0.7500 0.6667 0.5434 0.3333 0.0833 0.1020 0.2041 0.2653 0.2857 0.2653 0.2041 0.1020 0.0000 0.0000 0.0000 0.0000
0.1700 0.4300 0.6500 0.8400 1.1700 1.4400 1.6500 1.8000 1.8900 1.9200 1.8900 1.8000 1.6500 1.4400 1.2900 1.1300 0.9300 0.8500 0.7600 0.7889 0.8533 0.8422 0.7556 0.5933 0.5556 0.4722 0.3333 0.1389 0.0000 0.0000 0.0000 0.0000 0.0204 0.0000 0.0000 0.0000 0.0000 0.0000 0.0000 0.0000
0.2900 0.4300 0.6500 0.8300 1.1600 1.4300 1.6400 1.7900 1.8800 1.9100 1.8800 1.7900 1.6400 1.4300 1.1600 0.9900 0.9100 0.8400 0.7500 0.6400 0.5933 0.5822 0.4956 0.3333 0.3056 0.2222 0.0833 0.0000 0.0000 0.0000 0.0000 0.0000 0.0000 0.0000 0.0000 0.0000 0.0000 0.0000 0.0000 0.0000
0.4000 0.5100 0.6100 0.7900 1.0900 1.3600 1.5700 1.7200 1.8100 1.8400 1.8100 1.7200 1.5700 1.3600 1.0900 0.9300 0.8800 0.8100 0.7200 0.6100 0.4800 0.3300 0.1600 0.0278 0.0000 0.0000 0.0000 0.0000 0.0000 0.0000 0.0000 0.0000 0.0000 0.0000 0.0000 0.0000 0.0000 0.0000 0.0000 0.0000
0.4900 0.6000 0.6900 0.7600 0.9600 1.2300 1.4400 1.5900 1.6800 1.7100 1.6800 1.5900 1.4400 1.2800 1.1200 0.9200 0.8300 0.7600 0.6700 0.5600 0.4300 0.2800 0.1100 0.0000 0.0000 0.0000 0.0000 0.0000 0.0000 0.0000 0.0000 0.0000 0.0000 0.0000 0.0000 0.0000 0.0278 0.0000 0.0000 0.0000
0.5600 0.6700 0.7600 0.8300 0.9200 1.1200 1.2800 1.4000 1.4900 1.5200 1.5200 1.4800 1.4000 1.2800 1.1200 0.9200 0.7600 0.6900 0.6000 0.4900 0.3600 0.2100 0.0400 0.0000 0.0000 0.0000 0.0000 0.0000 0.0000 0.0000 0.0000 0.0000 0.0000 0.0833 0.2222 0.3056 0.3333 0.3056 0.2222 0.0833
0.6100 0.7200 0.8100 0.8800 0.9300 1.0800 1.2400 1.3600 1.4400 1.4800 1.4800 1.4400 1.3600 1.2400 1.0800 0.8800 0.6700 0.6000 0.5100 0.4000 0.2700 0.1200 0.0000 0.0000 0.0000 0.0000 0.0000 0.0000 0.0000 0.0000 0.0000 0.0000 0.1389 0.3333 0.4722 0.5556 0.5833 0.5556 0.4722 0.3333
0.6400 0.7500 0.8400 0.9100 0.9600 1.0000 1.1600 1.2800 1.3600 1.4000 1.4000 1.3600 1.2800 1.1600 1.0000 0.8000 0.5600 0.4900 0.4000 0.2900 0.1600 0.0100 0.0000 0.0000 0.0000 0.0000 0.0000 0.0000 0.0000 0.0000 0.0000 0.0833 0.3333 0.5278 0.6667 0.7500 0.7778 0.7500 0.6667 0.5278
0.6500 0.7600 0.8500 0.9200 0.9700 1.0000 1.0400 1.1600 1.2400 1.2800 1.2800 1.2400 1.1600 1.0400 0.8800 0.6800 0.4400 0.3600 0.2700 0.1600 0.0300 0.0000 0.0000 0.0000 0.0000 0.0000 0.0000 0.0000 0.0000 0.0000 0.0000 0.2222 0.4722 0.6667 0.8056 0.8889 0.9167 0.8889 0.8056 0.6667
0.6400 0.7500 0.8400 0.9100 0.9600 0.9900 1.0000 1.0000 1.0800 1.1200 1.1200 1.0800 1.0000 0.8800 0.7200 0.5200 0.2800 0.2100 0.1200 0.0100 0.0000 0.0000 0.0000 0.0000 0.0000 0.0000 0.0000 0.0000 0.0000 0.0000 0.0000 0.3056 0.5556 0.7500 0.8889 0.9722 1.0000 0.9722 0.8889 0.7500
