0.0000 0.0000 0.0000 0.0000 0.0000 0.0000 0.0000 0.0000 0.0000 0.0000 0.0000 0.0000 0.0000 0.0000 0.0000 0.1235 0.2593 0.3704 0.4568 0.5185 0.5556 0.5679 0.5556 0.5185 0.4568 0.3704 0.2593 0.1235 0.0000 0.0000 0.0000 0.0000 0.0000 0.0247 0.2099 0.3704 0.5895 0.8395 1.0093 1.0988
0.0000 0.0000 0.0000 0.0000 0.0000 0.0000 0.0000 0.0000 0.0000 0.0000 0.0000 0.0000 0.0000 0.0000 0.0988 0.2593 0.3951 0.5062 0.5926 0.6543 0.6914 0.7037 0.6914 0.6543 0.5926 0.5062 0.3951 0.2593 0.0988 0.0000 0.0000 0.0000 0.0000 0.1111 0.2963 0.6161 0.9259 1.1759 1.3457 1.4352
0.0000 0.0000 0.0000 0.0000 0.0000 0.0000 0.0000 0.0000 0.0000 0.0000 0.0000 0.0000 0.0000 0.0247 0.2099 0.3704 0.5062 0.6173 0.7037 0.7654 0.8025 0.8148 0.8025 0.7654 0.7037 0.6173 0.5062 0.3704 0.2099 0.0247 0.0000 0.0000 0.1020 0.3769 0.7067 1.1376 1.4474 1.6362 1.7039 1.6914
0.0000 0.0000 0.0000 0.0000 0.0000 0.0000 0.0000 0.0000 0.0000 0.0000 0.0000 0.0000 0.0000 0.1111 0.2963 0.4568 0.5926 0.7037 0.7901 0.8519 0.8889 0.9012 0.8889 0.8519 0.7901 0.7037 0.5926 0.4568 0.2963 0.1111 0.0000 0.1837 0.3265 0.6384 1.1071 1.5380 1.8478 2.0366 2.1043 2.0510
0.0000 0.0000 0.0000 0.0000 0.0000 0.0000 0.0000 0.0000 0.0000 0.0000 0.0000 0.0000 0.0000 0.1728 0.3580 0.5185 0.6543 0.7654 0.8519 0.9136 0.9506 0.9630 0.9506 0.9136 0.8519 0.7654 0.6543 0.5185 0.3580 0.1728 0.1837 0.3673 0.5225 0.8345 1.3864 1.8173 2.1272 2.3159 2.3837 2.3303
0.0000 0.0000 0.0000 0.0000 0.0000 0.0000 0.0000 0.0000 0.0000 0.0000 0.0000 0.0000 0.0000 0.2099 0.3951 0.5556 0.6914 0.8025 0.8889 0.9506 0.9877 1.0000 0.9877 0.9506 0.8889 0.8025 0.6914 0.5556 0.3951 0.3119 0.3265 0.5102 0.6531 0.9928 1.5447 1.9756 2.2855 2.4742 2.5420 2.4886
0.0000 0.0000 0.0000 0.0000 0.0000 0.0000 0.0000 0.0000 0.0000 0.0000 0.0000 0.0000 0.0123 0.2222 0.4074 0.5679 0.7037 0.8148 0.9012 0.9630 1.0000 1.0123 1.0000 0.9630 0.9012 0.8148 0.7037 0.5679 0.4074 0.4263 0.4409 0.6122 0.7551 1.0300 1.5819 2.0128 2.3227 2.5115 2.5792 2.5258
0.0000 0.0000 0.0000 0.0000 0.0000 0.0000 0.0000 0.0000 0.0000 0.0000 0.0000 0.0000 0.0000 0.2099 0.3951 0.5556 0.6914 0.8025 0.8889 0.9506 0.9877 1.0000 0.9877 0.9506 0.8889 0.8025 0.6914 0.5556 0.3951 0.4752 0.4898 0.6735 0.8163 1.0295 1.4981 1.9290 2.2389 2.4276 2.4953 2.4420
0.0000 0.0000 0.0000 0.0000 0.0000 0.0000 0.0000 0.0000 0.0000 0.0000 0.0000 0.0000 0.0000 0.1728 0.3580 0.5185 0.6543 0.7654 0.8519 0.9136 0.9506 0.9630 0.9506 0.9136 0.8519 0.7654 0.6543 0.5185 0.3784 0.4586 0.5102 0.6939 0.8367 0.9635 1.2932 1.7241 2.0340 2.2227 2.2904 2.2371
0.0000 0.0000 0.0000 0.0000 0.0000 0.0000 0.0000 0.0000 0.0000 0.0000 0.0000 0.0000 0.0000 0.1111 0.2963 0.4568 0.5926 0.7037 0.7901 0.8519 0.8889 0.9012 0.8889 0.8519 0.7901 0.7037 0.5926 0.4568 0.2963 0.3764 0.4898 0.6735 0.8163 0.9184 1.0784 1.3981 1.7080 1.8968 1.9645 1.9111
0.0000 0.0000 0.0000 0.0000 0.0000 0.0000 0.0000 0.0000 0.0000 0.0000 0.0000 0.0000 0.0000 0.0247 0.2099 0.3704 0.5062 0.6173 0.7037 0.7654 0.8025 0.8148 0.8025 0.7654 0.7037 0.6173 0.5062 0.3704 0.2099 0.2288 0.4286 0.6122 0.7551 0.8571 0.9184 1.0622 1.2610 1.4497 1.5174 1.4641
0.0000 0.0000 0.0000 0.0000 0.0000 0.0000 0.0000 0.0000 0.0000 0.0000 0.0000 0.0000 0.0000 0.0000 0.0988 0.2593 0.3951 0.5062 0.5926 0.6543 0.6914 0.7037 0.6914 0.6543 0.5926 0.5062 0.3951 0.2593 0.0988 0.1020 0.3265 0.5102 0.6531 0.7551 0.8163 0.8367 0.9151 0.9650 0.9494 0.8960
0.0000 0.0000 0.0000 0.0000 0.0000 0.0000 0.0000 0.0000 0.0000 0.0000 0.0000 0.0000 0.0000 0.0000 0.0000 0.1235 0.2593 0.3704 0.4568 0.5185 0.5556 0.5679 0.5556 0.5185 0.4568 0.3704 0.2593 0.1235 0.0000 0.0000 0.1837 0.3673 0.5102 0.6122 0.6735 0.6939 0.6735 0.6369 0.6213 0.5402
0.0000 0.0000 0.0000 0.0000 0.0000 0.0000 0.0000 0.0000 0.0000 0.0000 0.0000 0.0000 0.0000 0.0000 0.0000 0.0000 0.0988 0.2099 0.2963 0.3580 0.3951 0.4074 0.3951 0.3580 0.2963 0.2099 0.0988 0.0000 0.0000 0.0000 0.0000 0.1837 0.3265 0.4286 0.4898 0.5102 0.4898 0.4286 0.3265 0.1837
0.0000 0.0000 0.0000 0.0000 0.0000 0.0000 0.0000 0.0000 0.0000 0.0000 0.0000 0.0000 0.0000 0.0000 0.0000 0.0000 0.0000 0.0247 0.1111 0.1728 0.2099 0.2222 0.2099 0.1728 0.1111 0.0247 0.0000 0.0000 0.0000 0.0000 0.0000 0.0000 0.1020 0.2041 0.2653 0.2857 0.2653 0.2874 0.3243 0.3056
0.0000 0.0000 0.0000 0.0000 0.0000 0.0000 0.0000 0.0000 0.0000 0.0000 0.0000 0.0000 0.0000 0.0000 0.0000 0.0000 0.0000 0.0000 0.0000 0.0000 0.0000 0.0123 0.0000 0.0000 0.0000 0.0000 0.0000 0.0000 0.0000 0.0000 0.0000 0.0000 0.0000 0.0000 0.0000 0.0204 0.1389 0.3333 0.4722 0.5556
0.0000 0.0000 0.0000 0.0000 0.0000 0.0000 0.0000 0.0000 0.0000 0.0000 0.0000 0.0000 0.0000 0.0000 0.0000 0.0000 0.0000 0.0000 0.0000 0.0000 0.0000 0.0000 0.0000 0.0000 0.0000 0.0000 0.0000 0.0000 0.0000 0.0000 0.0000 0.0000 0.0000 0.0000 0.0000 0.0833 0.3333 0.5278 0.6667 0.7500
0.0000 0.0000 0.0000 0.0000 0.0000 0.0000 0.0000 0.0000 0.0000 0.0000 0.0000 0.0000 0.0000 0.0000 0.0000 0.0000 0.0000 0.0000 0.0000 0.0000 0.0000 0.0000 0.0000 0.0000 0.0000 0.0000 0.0000 0.0000 0.0000 0.0000 0.0000 0.0000 0.0000 0.0000 0.0000 0.2222 0.4722 0.6667 0.8056 0.8889
0.0000 0.0000 0.0000 0.0000 0.0000 0.0000 0.0000 0.0000 0.0000 0.0000 0.0000 0.0000 0.0000 0.0000 0.0000 0.0000 0.0000 0.0000 0.0000 0.0000 0.0000 0.0000 0.0000 0.0000 0.0000 0.0000 0.0000 0.0000 0.0000 0.0000 0.0000 0.0000 0.0000 0.0000 0.0000 0.3056 0.5556 0.7500 0.8889 1.0000
0.0000 0.0000 0.0000 0.0000 0.0000 0.0000 0.0100 0.0000 0.0000 0.0000 0.0000 0.0000 0.0000 0.0000 0.0000 0.0000 0.0000 0.0000 0.0000 0.0000 0.0000 0.0000 0.0000 0.0000 0.0000 0.0000 0.0000 0.0000 0.0000 0.0000 0.0000 0.0000 0.0000 0.0000 0.0278 0.3333 0.6667 1.0000 1.2222 1.3333
0.0000 0.0000 0.0400 0.1100 0.1600 0.1900 0.2000 0.1900 0.1600 0.1100 0.0400 0.0000 0.0000 0.0000 0.0000 0.0000 0.0000 0.0000 0.0000 0.0000 0.0000 0.0000 0.0000 0.0000 0.0000 0.0000 0.0000 0.0000 0.0000 0.0000 0.0000 0.0000 0.0000 0.0000 0.0000 0.4444 0.8889 1.2222 1.4444 1.6649
0.0100 0.1200 0.2100 0.2800 0.3300 0.3600 0.3700 0.3600 0.3300 0.2800 0.2100 0.1200 0.0100 0.0000 0.0000 0.0000 0.0000 0.0000 0.0000 0.0000 0.0000 0.0000 0.0000 0.0000 0.0000 0.0000 0.0000 0.0000 0.0000 0.0000 0.0000 0.0000 0.0000 0.0000 0.0833 0.5556 1.0000 1.3958 1.7587 1.9792
0.1600 0.2700 0.3600 0.4300 0.4800 0.5100 0.5200 0.5100 0.4800 0.4300 0.3600 0.2700 0.1600 0.0300 0.0000 0.0000 0.0000 0.0000 0.0000 0.0000 0.0000 0.0000 0.0000 0.0000 0.0000 0.0000 0.0000 0.0000 0.0000 0.0000 0.0000 0.0000 0.0000 0.0000 0.2222 0.5556 1.0625 1.5677 1.9306 2.1510
0.2900 0.4000 0.4900 0.5600 0.6100 0.6400 0.6500 0.6400 0.6100 0.5600 0.4900 0.4000 0.2900 0.1600 0.0100 0.0000 0.0000 0.0000 0.0000 0.0000 0.0000 0.0000 0.0000 0.0000 0.0000 0.0000 0.0000 0.0000 0.0000 0.0000 0.0000 0.0000 0.0000 0.0000 0.3056 0.5556 1.0920 1.5972 1.9601 2.1806
0.4000 0.5100 0.6000 0.6700 0.7200 0.7500 0.7600 0.7500 0.7200 0.6700 0.6000 0.5100 0.4000 0.2700 0.1200 0.0000 0.0000 0.0000 0.0000 0.0000 0.0000 0.0000 0.0000 0.0000 0.0000 0.0000 0.0000 0.0000 0.0000 0.0000 0.0156 0.0000 0.0000 0.0278 0.3333 0.6927 1.0903 1.4844 1.8472 2.0677
0.4900 0.6000 0.6900 0.7600 0.8100 0.8400 0.8500 0.8400 0.8100 0.7600 0.6900 0.6000 0.4900 0.3600 0.2100 0.0400 0.0000 0.0000 0.0000 0.0000 0.0000 0.0000 0.0000 0.0000 0.0000 0.0000 0.0000 0.1094 0.1875 0.2344 0.2500 0.2344 0.1875 0.1094 0.3056 0.7431 1.1406 1.4514 1.6753 1.8125
0.5600 0.6700 0.7600 0.8300 0.8800 0.9100 0.9200 0.9100 0.8800 0.8300 0.7600 0.6700 0.5600 0.4300 0.2800 0.1100 0.0000 0.0000 0.0000 0.0000 0.0000 0.0000 0.0000 0.0000 0.0000 0.0625 0.2031 0.3125 0.3906 0.4375 0.4531 0.4375 0.3906 0.3125 0.4253 0.7691 1.1042 1.4149 1.6389 1.7760
0.6100 0.7200 0.8100 0.8800 0.9300 0.9600 0.9700 0.9600 0.9300 0.8800 0.8100 0.7200 0.6100 0.4800 0.3300 0.1600 0.0000 0.0000 0.0000 0.0000 0.0000 0.0000 0.0000 0.0000 0.0625 0.2344 0.3750 0.4844 0.5625 0.6094 0.6250 0.6094 0.5625 0.4844 0.4740 0.8177 1.0434 1.2917 1.5156 1.6528
0.6400 0.7500 0.8400 0.9100 0.9600 0.9900 1.0000 0.9900 0.9600 0.9100 0.8400 0.7500 0.6400 0.5100 0.3600 0.1900 0.0000 0.0000 0.0000 0.0000 0.0000 0.0000 0.0000 0.0000 0.2031 0.3750 0.5156 0.6250 0.7031 0.7500 0.7656 0.7500 0.7031 0.6250 0.5156 0.7483 0.9740 1.0816 1.3056 1.4427
0.6500 0.7600 0.8500 0.9200 0.9700 1.0000 1.0100 1.0000 0.9700 0.9200 0.8500 0.7600 0.6500 0.5200 0.3700 0.2000 0.0100 0.0000 0.0000 0.0000 0.0000 0.0000 0.0000 0.1094 0.3125 0.4844 0.6250 0.7344 0.8125 0.8594 0.8750 0.8594 0.8125 0.7344 0.6250 0.6719 0.7865 0.8941 1.0087 1.1458
0.6400 0.7500 0.8400 0.9100 0.9600 0.9900 1.0000 0.9900 0.9600 0.9100 0.8400 0.7500 0.6400 0.5100 0.3600 0.1900 0.0000 0.0000 0.0000 0.0000 0.0000 0.0000 0.0000 0.1875 0.3906 0.5625 0.7031 0.8125 0.8906 0.9375 0.9531 0.9375 0.8906 0.8125 0.7031 0.6719 0.7031 0.6719 0.6250 0.7622
0.6100 0.7200 0.8100 0.8800 0.9300 0.9600 0.9700 0.9600 0.9300 0.8800 0.8100 0.7200 0.6100 0.4800 0.3300 0.1600 0.0000 0.0000 0.0000 0.0000 0.0000 0.0000 0.0000 0.2344 0.4375 0.6094 0.7500 0.8594 0.9375 0.9844 1.0000 0.9844 0.9375 0.8594 0.7500 0.6094 0.6406 0.6094 0.5156 0.6250
0.5600 0.6700 0.7600 0.8300 0.8800 0.9100 0.9200 0.9100 0.8800 0.8300 0.7600 0.6700 0.5600 0.4300 0.2800 0.1100 0.0000 0.0000 0.0000 0.0000 0.0000 0.0000 0.0156 0.2500 0.4531 0.6250 0.7656 0.8750 0.9531 1.0000 1.0156 1.0000 0.9531 0.8750 0.7656 0.6250 0.5156 0.4844 0.3906 0.4844
0.4900 0.6000 0.6900 0.7600 0.8100 0.8400 0.8500 0.8400 0.8100 0.7600 0.6900 0.6000 0.4900 0.3600 0.2100 0.0400 0.0000 0.0000 0.0000 0.0000 0.0000 0.0000 0.0000 0.2344 0.4375 0.6094 0.7500 0.8594 0.9375 0.9844 1.0000 0.9844 0.9375 0.8594 0.7500 0.6094 0.4375 0.2969 0.2031 0.3125
0.4000 0.5100 0.6000 0.6700 0.7200 0.7500 0.7600 0.7500 0.7200 0.6700 0.6000 0.5100 0.4000 0.2700 0.1200 0.0000 0.0000 0.0000 0.0000 0.0000 0.0000 0.0000 0.0000 0.1875 0.3906 0.5625 0.7031 0.8125 0.8906 0.9375 0.9531 0.9375 0.8906 0.8125 0.7031 0.5625 0.3906 0.1875 0.0000 0.1094
0.2900 0.4000 0.4900 0.5600 0.6100 0.6400 0.6500 0.6400 0.6100 0.5600 0.4900 0.4000 0.2900 0.1600 0.0100 0.0000 0.0000 0.0000 0.0000 0.0000 0.0000 0.0000 0.0000 0.1094 0.3125 0.4844 0.6250 0.7344 0.8125 0.8594 0.8750 0.8594 0.8125 0.7344 0.6250 0.4844 0.3125 0.1094 0.0000 0.0000
0.1600 0.2700 0.3600 0.4300 0.4800 0.5100 0.5200 0.5100 0.4800 0.4300 0.3600 0.2700 0.1600 0.0300 0.0000 0.0000 0.0000 0.0000 0.0000 0.0000 0.0000 0.0000 0.0000 0.0000 0.2031 0.3750 0.5156 0.6250 0.7031 0.7500 0.7656 0.7500 0.7031 0.6250 0.5156 0.3750 0.2031 0.0000 0.0000 0.0000
0.0100 0.1200 0.2100 0.2800 0.3300 0.3600 0.3700 0.3600 0.3300 0.2800 0.2100 0.1200 0.0100 0.0000 0.0000 0.0000 0.0000 0.0000 0.0000 0.0000 0.0000 0.0000 0.0000 0.0000 0.0625 0.2344 0.3750 0.4844 0.5625 0.6094 0.6250 0.6094 0.5625 0.4844 0.3750 0.2344 0.0625 0.0000 0.0000 0.0000
0.0000 0.0000 0.0400 0.1100 0.1600 0.1900 0.2000 0.1900 0.1600 0.1100 0.0400 0.0000 0.0000 0.0000 0.0000 0.0000 0.0000 0.0000 0.0000 0.0000 0.0000 0.0000 0.0000 0.0000 0.0000 0.0625 0.2031 0.3125 0.3906 0.4375 0.4531 0.4375 0.3906 0.3125 0.2031 0.0625 0.0000 0.0000 0.0000 0.0000
0.0000 0.0000 0.0000 0.0000 0.0000 0.0000 0.0100 0.0000 0.0000 0.0000 0.0000 0.0000 0.0000 0.0000 0.0000 0.0000 0.0000 0.0000 0.0000 0.0000 0.0000 0.0000 0.0000 0.0000 0.0000 0.0000 0.0000 0.1094 0.1875 0.2344 0.2500 0.2344 0.1875 0.1094 0.0000 0.0000 0.0000 0.0000 0.0000 0.0000
