0.0000 0.0000 0.0000 0.0000 0.0000 0.0000 0.0000 0.0000 0.0000 0.0000 0.0000 0.0000 0.0000 0.0000 0.0000 0.0000 0.0000 0.0000 0.0000 0.0000 0.0000 0.0000 0.0000 0.0000 0.0156 0.0000 0.0000 0.0000 0.0000 0.0000 0.0000 0.0000 0.0204 0.0000 0.0000 0.0000 0.0000 0.0000 0.0000 0.0000
0.0000 0.0000 0.0000 0.0000 0.0000 0.0000 0.0000 0.0000 0.0000 0.0000 0.0000 0.0000 0.0000 0.0000 0.0000 0.0000 0.0000 0.0000 0.0000 0.0000 0.0000 0.1094 0.1875 0.2344 0.2500 0.2344 0.1875 0.1094 0.0000 0.1020 0.2041 0.2653 0.2857 0.2653 0.2041 0.1020 0.0000 0.0000 0.0000 0.0000
0.0000 0.0000 0.0000 0.0000 0.0000 0.0000 0.0000 0.0000 0.0000 0.0000 0.0000 0.0000 0.0000 0.0000 0.0000 0.0000 0.0000 0.0000 0.0000 0.0625 0.2031 0.3125 0.3906 0.4375 0.4531 0.4375 0.3906 0.3125 0.3868 0.3890 0.4286 0.4898 0.5102 0.4898 0.4286 0.3265 0.1837 0.0000 0.0000 0.0000
0.0000 0.0000 0.0000 0.0000 0.0000 0.0000 0.0000 0.0000 0.0000 0.0000 0.0000 0.0000 0.0000 0.0000 0.0000 0.0000 0.0000 0.0000 0.0625 0.2344 0.3750 0.4844 0.5625 0.6094 0.6250 0.6094 0.5625 0.6680 0.7423 0.7446 0.6747 0.6735 0.6939 0.6735 0.6122 0.5102 0.3673 0.1837 0.0000 0.0000
0.0000 0.0000 0.0000 0.0000 0.0000 0.0000 0.0000 0.0000 0.0000 0.0000 0.0000 0.0000 0.0000 0.0000 0.0000 0.0000 0.0000 0.0000 0.2031 0.3750 0.5156 0.6250 0.7031 0.7500 0.7656 0.7500 0.8052 0.9515 1.0258 1.0281 0.9582 0.8163 0.8367 0.8163 0.7551 0.6531 0.5102 0.3265 0.1020 0.0000
0.0000 0.0000 0.0000 0.0000 0.0000 0.0000 0.0000 0.0000 0.0000 0.0000 0.0000 0.0000 0.0000 0.0000 0.0000 0.0000 0.0000 0.1094 0.3125 0.4844 0.6250 0.7344 0.8125 0.8594 0.8750 0.8594 1.0166 1.1629 1.2372 1.2395 1.1696 1.0277 0.9388 0.9184 0.8571 0.7551 0.6122 0.4286 0.2041 0.0000
0.0000 0.0000 0.0000 0.0000 0.0000 0.0000 0.0000 0.0000 0.0000 0.0000 0.0000 0.0000 0.0000 0.0000 0.0000 0.0000 0.0000 0.1875 0.3906 0.5625 0.7031 0.8125 0.8906 0.9375 0.9531 0.9375 1.1559 1.3023 1.3766 1.3788 1.3090 1.1671 1.0000 0.9796 0.9184 0.8163 0.6735 0.4898 0.2653 0.0000
0.0000 0.0000 0.0000 0.0000 0.0000 0.0000 0.0000 0.0000 0.0000 0.0000 0.0000 0.0000 0.0000 0.0000 0.0000 0.0000 0.0000 0.2344 0.4375 0.6094 0.7500 0.8594 0.9375 0.9844 1.0000 1.0048 1.2232 1.3696 1.4439 1.4461 1.3763 1.2344 1.0204 1.0000 0.9388 0.8367 0.6939 0.5102 0.2857 0.0204
0.0000 0.0000 0.0000 0.0000 0.0000 0.0000 0.0000 0.0000 0.0000 0.0000 0.0000 0.0000 0.0000 0.0000 0.0000 0.0000 0.0156 0.2500 0.4531 0.6250 0.7656 0.8750 0.9531 1.0000 1.0156 1.0000 1.2184 1.3648 1.4391 1.4413 1.3715 1.2296 1.0156 0.9796 0.9184 0.8163 0.6735 0.4898 0.2653 0.0000
0.0000 0.0000 0.0000 0.0000 0.0000 0.0000 0.0000 0.0000 0.0000 0.0000 0.0000 0.0000 0.0000 0.0000 0.0000 0.0000 0.0000 0.2344 0.4375 0.6094 0.7500 0.8594 0.9375 0.9844 1.0000 0.9844 1.1416 1.2879 1.3622 1.3645 1.2946 1.1527 0.9388 0.9184 0.8571 0.7551 0.6122 0.4286 0.2041 0.0000
0.0000 0.0000 0.0000 0.0000 0.0000 0.0000 0.0000 0.0000 0.0000 0.0000 0.0000 0.0000 0.0000 0.0000 0.0000 0.0000 0.0000 0.1875 0.3906 0.5625 0.7031 0.8125 0.8906 0.9375 0.9531 0.9375 0.9927 1.1390 1.2133 1.2156 1.1457 1.0038 0.8367 0.8163 0.7551 0.6531 0.5102 0.3265 0.1020 0.0000
0.0000 0.0000 0.0000 0.0000 0.0000 0.0000 0.0000 0.0000 0.0000 0.0000 0.0000 0.0000 0.0000 0.0000 0.0000 0.0000 0.0000 0.1094 0.3125 0.4844 0.6250 0.7344 0.8125 0.8594 0.8750 0.8594 0.8125 0.9180 0.9923 0.9946 0.9247 0.7828 0.6939 0.6735 0.6122 0.5102 0.3673 0.1837 0.0000 0.0000
0.0000 0.0000 0.0000 0.0000 0.0000 0.0000 0.0000 0.0000 0.0000 0.0000 0.0000 0.0000 0.0000 0.0000 0.0000 0.0000 0.0000 0.0000 0.2031 0.3750 0.5156 0.6250 0.7031 0.7500 0.7656 0.7500 0.7031 0.6250 0.6993 0.7015 0.6317 0.4898 0.5102 0.4898 0.4286 0.3265 0.1837 0.0000 0.0000 0.0000
0.0000 0.0000 0.0000 0.0000 0.0000 0.0000 0.0000 0.0000 0.0000 0.0000 0.0000 0.0000 0.0000 0.0000 0.0000 0.0000 0.0000 0.0156 0.0625 0.2344 0.3750 0.4844 0.5625 0.6094 0.6250 0.6094 0.5625 0.4844 0.3750 0.3364 0.2666 0.2653 0.2857 0.2653 0.2041 0.1020 0.0000 0.0000 0.0000 0.0000
0.0000 0.0000 0.0000 0.0000 0.0000 0.0000 0.0000 0.0000 0.0000 0.0000 0.0000 0.0000 0.0000 0.0000 0.1094 0.1875 0.2344 0.2500 0.2344 0.2500 0.3125 0.3125 0.3906 0.4375 0.4531 0.4375 0.3906 0.3248 0.2031 0.0625 0.0000 0.0000 0.0204 0.0000 0.0000 0.0000 0.0000 0.0000 0.0000 0.0000
0.0000 0.0000 0.0000 0.0000 0.0000 0.0000 0.0000 0.0000 0.0000 0.0000 0.0000 0.0000 0.0625 0.2031 0.3125 0.4006 0.4375 0.4531 0.4375 0.3906 0.3125 0.3125 0.2500 0.2591 0.3611 0.4072 0.3974 0.3316 0.2099 0.1728 0.1111 0.0247 0.0000 0.0000 0.0000 0.0000 0.0000 0.0000 0.0000 0.0000
0.0000 0.0000 0.0000 0.0000 0.0000 0.0000 0.0000 0.0000 0.0000 0.0000 0.0000 0.1025 0.3444 0.5350 0.6744 0.7625 0.7994 0.7850 0.7194 0.6025 0.4844 0.3750 0.3331 0.2724 0.3119 0.3580 0.3951 0.4074 0.3951 0.3580 0.2963 0.2099 0.0988 0.0000 0.0000 0.0000 0.0000 0.0000 0.0000 0.0000
0.0000 0.0000 0.0000 0.0000 0.0000 0.0000 0.0000 0.0000 0.0000 0.0100 0.1200 0.4131 0.6550 0.8456 0.9850 1.0731 1.1100 1.0956 1.0300 0.9131 0.7450 0.6491 0.6343 0.5735 0.4568 0.5185 0.5556 0.5679 0.5556 0.5185 0.4568 0.3704 0.2593 0.1235 0.0000 0.0000 0.0000 0.0000 0.0000 0.0000
0.0000 0.0000 0.0000 0.0000 0.0000 0.0000 0.0000 0.0000 0.0300 0.1600 0.3794 0.6725 0.9144 1.1050 1.2444 1.3325 1.3694 1.3550 1.2894 1.1725 1.1031 1.0443 0.9094 0.8187 0.7020 0.6543 0.6914 0.7037 0.6914 0.6543 0.5926 0.5062 0.3951 0.2593 0.0988 0.0000 0.0000 0.0000 0.0000 0.0000
0.0000 0.0000 0.0000 0.0000 0.0000 0.0000 0.0000 0.0100 0.1600 0.2900 0.5875 0.8806 1.1225 1.3131 1.4525 1.5406 1.5775 1.5631 1.4975 1.4053 1.4224 1.3635 1.2287 1.0179 0.8912 0.7654 0.8025 0.8148 0.8025 0.7654 0.7037 0.6173 0.5062 0.3704 0.2099 0.0247 0.0000 0.0000 0.0000 0.0000
0.0000 0.0000 0.0000 0.0000 0.0000 0.0000 0.0000 0.1200 0.2700 0.4000 0.7444 1.0375 1.2794 1.4700 1.6094 1.6975 1.7344 1.7200 1.6544 1.6486 1.6657 1.6068 1.4720 1.2612 1.0245 0.8519 0.8889 0.9012 0.8889 0.8519 0.7901 0.7037 0.5926 0.4568 0.2963 0.1111 0.0000 0.0000 0.0000 0.0000
0.0000 0.0000 0.0000 0.0000 0.0000 0.0000 0.0400 0.2100 0.3600 0.5056 0.8500 1.1431 1.3850 1.5756 1.7150 1.8031 1.8400 1.8256 1.7600 1.8160 1.8330 1.7741 1.6393 1.4286 1.1419 0.9292 0.9506 0.9630 0.9506 0.9136 0.8519 0.7654 0.6543 0.5185 0.3580 0.1728 0.0000 0.0000 0.0000 0.0000
0.0000 0.0000 0.0000 0.0000 0.0000 0.0000 0.1100 0.2800 0.4300 0.5600 0.9044 1.1975 1.4394 1.6300 1.7694 1.8575 1.8944 1.8800 1.8144 1.9074 1.9244 1.8656 1.7307 1.5200 1.2333 0.9506 0.9877 1.0000 0.9877 0.9506 0.8889 0.8025 0.6914 0.5556 0.3951 0.2099 0.0000 0.0000 0.0000 0.0000
0.0000 0.0000 0.0000 0.0000 0.0000 0.0000 0.1600 0.3300 0.4800 0.6100 0.9075 1.2006 1.4425 1.6331 1.7725 1.8606 1.8975 1.8831 1.8298 1.9228 1.9399 1.8810 1.7462 1.5354 1.2487 0.9630 1.0000 1.0123 1.0000 0.9630 0.9012 0.8148 0.7037 0.5679 0.4074 0.2222 0.0123 0.0000 0.0000 0.0000
0.0000 0.0000 0.0000 0.0000 0.0000 0.0000 0.1900 0.3600 0.5100 0.6400 0.8594 1.1525 1.3944 1.5850 1.7244 1.8125 1.8494 1.8350 1.7694 1.8624 1.8794 1.8206 1.6857 1.4750 1.1883 0.9506 0.9877 1.0000 0.9877 0.9506 0.8889 0.8025 0.6914 0.5556 0.3951 0.2377 0.0000 0.0000 0.0400 0.1100
0.0000 0.0000 0.0000 0.0000 0.0000 0.0100 0.2000 0.3700 0.5200 0.6500 0.7600 1.0531 1.2950 1.4856 1.6250 1.7131 1.7500 1.7356 1.6700 1.7260 1.7430 1.6841 1.5493 1.3386 1.0519 0.9236 0.9506 0.9630 0.9506 0.9136 0.8519 0.7654 0.7377 0.7407 0.6636 0.5062 0.3156 0.3422 0.2933 0.2800
0.0000 0.0000 0.0000 0.0000 0.0000 0.0000 0.1900 0.3600 0.5100 0.6400 0.7500 0.9025 1.1444 1.3350 1.4744 1.5625 1.5994 1.5850 1.5194 1.5136 1.5307 1.4718 1.3370 1.1262 0.9801 0.8519 0.8889 0.9012 0.8889 0.8519 0.7901 0.8426 0.9259 0.9290 0.8519 0.7244 0.7156 0.7422 0.6933 0.5689
0.0000 0.0000 0.0000 0.0000 0.0000 0.0000 0.1600 0.3300 0.4800 0.6100 0.7200 0.8100 0.9425 1.1331 1.2725 1.3606 1.3975 1.3831 1.3175 1.2253 1.2424 1.1835 1.0487 0.9473 0.8637 0.7654 0.8025 0.8148 0.8025 0.7654 0.7870 0.9506 1.0340 1.0370 0.9699 0.9625 1.0400 1.0667 1.0178 0.8933
0.0000 0.0000 0.0000 0.0000 0.0000 0.0000 0.1100 0.2800 0.4300 0.5600 0.6700 0.7600 0.8300 0.8800 1.0194 1.1075 1.1444 1.1300 1.0644 0.9475 0.8781 0.8193 0.8251 0.7862 0.7026 0.6543 0.6914 0.7037 0.6914 0.6543 0.8148 0.9784 1.0617 1.0648 1.1077 1.1867 1.2889 1.3156 1.2667 1.1422
0.0000 0.0000 0.0000 0.0000 0.0000 0.0000 0.0400 0.2100 0.3600 0.4900 0.6000 0.6900 0.7600 0.8100 0.8400 0.8500 0.8400 0.8256 0.7600 0.6900 0.6000 0.6135 0.6193 0.5804 0.4968 0.5185 0.5556 0.5679 0.5556 0.5185 0.7623 0.9259 1.0093 1.0523 1.1822 1.3600 1.4622 1.4889 1.4400 1.3156
0.0000 0.0000 0.0000 0.0000 0.0000 0.0000 0.0000 0.1200 0.2700 0.4000 0.5100 0.6000 0.6700 0.7200 0.7500 0.7600 0.7500 0.7200 0.6700 0.6000 0.5100 0.4000 0.3688 0.3299 0.2963 0.3580 0.3951 0.4074 0.3951 0.3858 0.6296 0.7932 0.8765 1.0267 1.2800 1.4578 1.5600 1.5867 1.5378 1.4233
0.0000 0.0000 0.0000 0.0000 0.0000 0.0000 0.0000 0.0100 0.1600 0.2900 0.4000 0.4900 0.5600 0.6100 0.6400 0.6500 0.6400 0.6100 0.5600 0.4900 0.4000 0.2900 0.1600 0.0347 0.1111 0.1728 0.2099 0.2222 0.2099 0.1728 0.4167 0.5802 0.7500 1.0489 1.3022 1.5200 1.6922 1.7689 1.7500 1.6356
0.0000 0.0000 0.0000 0.0000 0.0000 0.0000 0.0000 0.0000 0.0300 0.1600 0.2700 0.3600 0.4300 0.4800 0.5100 0.5200 0.5100 0.4800 0.4300 0.3600 0.2700 0.1600 0.0300 0.0000 0.0000 0.0000 0.0000 0.0123 0.0000 0.0000 0.2222 0.4722 0.6667 1.0056 1.3689 1.6367 1.8089 1.8856 1.8667 1.7522
0.0000 0.0000 0.0000 0.0000 0.0000 0.0000 0.0000 0.0000 0.0000 0.0100 0.1200 0.2100 0.2800 0.3300 0.3600 0.3700 0.3600 0.3300 0.2800 0.2100 0.1200 0.0100 0.0000 0.0000 0.0000 0.0000 0.0000 0.0000 0.0000 0.0000 0.0833 0.3333 0.5678 1.0267 1.3900 1.6578 1.8300 1.9067 1.8878 1.7733
0.0000 0.0000 0.0000 0.0000 0.0000 0.0000 0.0000 0.0000 0.0000 0.0000 0.0000 0.0556 0.1100 0.1600 0.1900 0.2000 0.1900 0.1600 0.1100 0.0400 0.0000 0.0000 0.0000 0.0000 0.0000 0.0000 0.0000 0.0000 0.0000 0.0000 0.0000 0.1489 0.4933 0.9522 1.3156 1.5833 1.7556 1.8322 1.8133 1.6989
0.0000 0.0000 0.0000 0.0000 0.0000 0.0000 0.0000 0.0000 0.1094 0.1875 0.2344 0.2500 0.2344 0.1875 0.1094 0.0100 0.0000 0.0000 0.0000 0.0000 0.0000 0.0000 0.0000 0.0000 0.0000 0.0000 0.0000 0.0000 0.0000 0.0000 0.0000 0.1200 0.3533 0.7822 1.1456 1.4133 1.5856 1.6622 1.6433 1.6400
0.0000 0.0000 0.0000 0.0000 0.0000 0.0000 0.0625 0.2031 0.3125 0.3906 0.4375 0.4531 0.4375 0.3906 0.3125 0.2031 0.0625 0.0000 0.0000 0.0000 0.0000 0.0000 0.0000 0.0000 0.0000 0.0000 0.0000 0.0000 0.0000 0.0000 0.0400 0.2100 0.3600 0.6000 0.8800 1.1478 1.3200 1.4800 1.6000 1.6800
0.0000 0.0000 0.0000 0.0000 0.0000 0.0625 0.2344 0.3750 0.4844 0.5625 0.6094 0.6250 0.6094 0.5625 0.4844 0.3750 0.2344 0.0625 0.0000 0.0000 0.0000 0.0000 0.0000 0.0000 0.0000 0.0000 0.0000 0.0000 0.0000 0.0000 0.1100 0.2800 0.4300 0.6000 0.8800 1.1200 1.3200 1.4800 1.6000 1.6800
0.0000 0.0000 0.0000 0.0000 0.0000 0.2031 0.3750 0.5156 0.6250 0.7031 0.7500 0.7656 0.7500 0.7031 0.6250 0.5156 0.3750 0.2031 0.0000 0.0000 0.0000 0.0000 0.0000 0.0000 0.0000 0.0000 0.0000 0.0000 0.0000 0.0000 0.1600 0.3300 0.4800 0.6100 0.8400 1.0800 1.2800 1.4400 1.5600 1.6400
0.0000 0.0000 0.0000 0.0000 0.1094 0.3125 0.4844 0.6250 0.7344 0.8125 0.8594 0.8750 0.8594 0.8125 0.7344 0.6250 0.4844 0.3125 0.1094 0.0000 0.0000 0.0000 0.0000 0.0000 0.0000 0.0000 0.0000 0.0000 0.0000 0.0000 0.1900 0.3600 0.5100 0.6400 0.7600 1.0000 1.2000 1.3600 1.4800 1.5600
