0.0000 0.0000 0.0000 0.0625 0.2344 0.3750 0.4844 0.5625 0.6094 0.6250 0.6094 0.7656 0.8594 0.8906 0.8594 0.7656 0.7500 0.7656 0.7500 0.8420 0.9583 0.9878 0.9306 0.8265 0.9556 1.1522 1.2133 1.1389 1.0400 1.0000 0.8800 0.6800 0.4000 0.0400 0.0000 0.0000 0.0000 0.0000 0.0000 0.0000
0.0000 0.0000 0.0000 0.2031 0.3750 0.5156 0.6250 0.7031 0.7500 0.7656 0.8594 1.0156 1.1094 1.1406 1.1094 1.0156 0.8594 0.8750 0.9427 1.1458 1.2622 1.2917 1.2344 1.0903 1.2194 1.3067 1.3678 1.2933 1.0833 0.9600 0.8400 0.6400 0.3600 0.0000 0.0000 0.0000 0.0000 0.0000 0.0000 0.0000
0.0000 0.0000 0.1094 0.3125 0.4844 0.6250 0.7344 0.8125 0.8594 0.8750 1.0469 1.2031 1.2969 1.3281 1.2969 1.2031 1.0469 0.9531 1.1597 1.3628 1.4792 1.5087 1.4514 1.3073 1.3164 1.3256 1.3867 1.3122 1.1022 0.8400 0.7200 0.5200 0.2400 0.0000 0.0000 0.0000 0.0000 0.0000 0.0000 0.0000
0.0000 0.0000 0.1875 0.3906 0.5625 0.7031 0.8125 0.8906 0.9375 0.9531 1.1719 1.3281 1.4219 1.4531 1.4219 1.3281 1.1719 1.0000 1.2899 1.4931 1.6094 1.6389 1.5816 1.4375 1.2466 1.2089 1.2700 1.1956 0.9856 0.6400 0.5200 0.3200 0.0400 0.0000 0.0000 0.0000 0.0000 0.0000 0.0000 0.0000
0.0000 0.0000 0.2344 0.4375 0.6094 0.7500 0.8594 0.9375 0.9844 1.0156 1.2344 1.3906 1.4844 1.5156 1.4844 1.3906 1.2344 1.0434 1.3333 1.5365 1.6528 1.6823 1.6250 1.4809 1.2500 0.9723 1.0178 0.9433 0.7333 0.3878 0.2400 0.0400 0.0000 0.0000 0.0000 0.0000 0.0000 0.0000 0.0000 0.0000
0.0000 0.0156 0.2500 0.4531 0.6250 0.7656 0.8750 0.9531 1.0000 1.0156 1.2344 1.3906 1.4844 1.5156 1.4844 1.3906 1.2344 1.0156 1.2899 1.4931 1.6094 1.6389 1.5816 1.4375 1.2066 0.8889 0.7500 0.5556 0.3456 0.0000 0.0000 0.0000 0.0000 0.0000 0.0000 0.0000 0.0000 0.0000 0.0000 0.0000
0.0000 0.0000 0.2344 0.4375 0.6094 0.7500 0.8594 0.9375 0.9844 1.0000 1.1719 1.3281 1.4219 1.4531 1.4219 1.3281 1.1719 0.9531 1.1597 1.3628 1.4792 1.5087 1.4514 1.3073 1.0764 0.8056 0.6667 0.4722 0.2222 0.0000 0.0000 0.0000 0.0000 0.0000 0.0000 0.0000 0.0000 0.0000 0.0000 0.0000
0.0000 0.0000 0.1875 0.3906 0.5625 0.7031 0.8125 0.8906 0.9375 0.9531 1.0469 1.2031 1.2969 1.3281 1.2969 1.2031 1.0469 0.8750 0.9427 1.1458 1.2622 1.2917 1.2344 1.0903 0.8594 0.6667 0.5278 0.3333 0.0833 0.0000 0.0000 0.0000 0.0000 0.0000 0.0000 0.0000 0.0000 0.0000 0.0000 0.0000
0.0000 0.0000 0.1094 0.3125 0.4844 0.6250 0.7344 0.8125 0.8594 0.8750 0.8594 1.0156 1.1094 1.1406 1.1094 1.0156 0.8594 0.7656 0.7500 0.8420 0.9583 0.9878 0.9306 0.7865 0.5556 0.4722 0.3333 0.1389 0.0000 0.0000 0.0000 0.0000 0.0000 0.0000 0.0000 0.0000 0.0000 0.0000 0.0000 0.0000
0.0000 0.0000 0.0000 0.2031 0.3750 0.5156 0.6250 0.7031 0.7500 0.7656 0.7500 0.7656 0.8594 0.8906 0.8594 0.7656 0.6094 0.6250 0.6094 0.5625 0.5677 0.5972 0.5399 0.3958 0.3056 0.2222 0.0833 0.0000 0.0000 0.0000 0.0000 0.0000 0.0000 0.0278 0.0400 0.0000 0.0000 0.0000 0.0000 0.0000
0.0000 0.0000 0.0000 0.0625 0.2344 0.3750 0.4844 0.5625 0.6094 0.6250 0.6094 0.5625 0.5469 0.5781 0.5469 0.4531 0.4375 0.4531 0.4375 0.3906 0.3125 0.2031 0.0625 0.0278 0.0000 0.0000 0.0000 0.0000 0.0000 0.0000 0.0833 0.2622 0.5456 0.6933 0.7056 0.5822 0.3233 0.0400 0.0000 0.0000
0.0000 0.0000 0.0000 0.0000 0.0625 0.2031 0.3125 0.3906 0.4375 0.4531 0.4375 0.3906 0.3125 0.2031 0.1719 0.1875 0.2344 0.2500 0.2344 0.1875 0.1094 0.0000 0.0000 0.0000 0.0000 0.0000 0.0000 0.0000 0.0000 0.1389 0.3733 0.7922 1.0756 1.2233 1.2356 1.1122 0.8533 0.4589 0.0400 0.0000
0.0000 0.0000 0.0000 0.0000 0.0000 0.0000 0.1094 0.1875 0.2344 0.2500 0.2344 0.1875 0.1094 0.0000 0.0000 0.0000 0.0000 0.0156 0.0000 0.0000 0.0000 0.0000 0.0000 0.0000 0.0000 0.0000 0.0000 0.0000 0.0833 0.3333 0.7678 1.1867 1.4700 1.6178 1.6300 1.5067 1.2478 0.8533 0.3233 0.0000
0.0000 0.0000 0.0000 0.0000 0.0000 0.0000 0.0000 0.0000 0.0000 0.0156 0.0000 0.0000 0.0000 0.0000 0.0000 0.0000 0.0000 0.0000 0.0000 0.0000 0.0000 0.0000 0.0000 0.0000 0.0000 0.0000 0.0000 0.0000 0.2222 0.4722 1.0267 1.4456 1.7289 1.8767 1.8889 1.7656 1.5067 1.1122 0.5822 0.0000
0.0000 0.0000 0.0000 0.0000 0.0000 0.0000 0.0000 0.0000 0.0000 0.0000 0.0000 0.0000 0.0000 0.0000 0.0000 0.0000 0.0000 0.0000 0.0000 0.0000 0.0000 0.0000 0.0000 0.0000 0.0000 0.0000 0.0000 0.0000 0.3056 0.5956 1.1500 1.5689 1.8522 2.0000 2.0122 1.8889 1.6300 1.2356 0.7056 0.0400
0.0000 0.0000 0.0000 0.0000 0.0000 0.0000 0.0000 0.0156 0.0000 0.0000 0.0000 0.0000 0.0000 0.0000 0.0000 0.0000 0.0000 0.0000 0.0000 0.0000 0.0000 0.0000 0.0000 0.0000 0.0000 0.0000 0.0000 0.0278 0.3333 0.5833 1.1378 1.5567 1.8400 1.9878 2.0000 1.8767 1.6178 1.2233 0.6933 0.0278
0.0000 0.0000 0.0000 0.0000 0.1094 0.1875 0.2344 0.2500 0.2344 0.1875 0.1094 0.0000 0.0000 0.0000 0.0000 0.0000 0.0000 0.0000 0.0000 0.0000 0.0000 0.0000 0.0000 0.0278 0.0000 0.0000 0.0000 0.0000 0.3056 0.5556 0.9900 1.4089 1.6922 1.8400 1.8522 1.7289 1.4700 1.0756 0.5456 0.0000
0.0000 0.0000 0.0625 0.2031 0.3125 0.3906 0.4375 0.4531 0.4375 0.3906 0.3125 0.2031 0.0625 0.0000 0.0000 0.0000 0.0100 0.0000 0.0000 0.0000 0.0833 0.2222 0.3056 0.3333 0.3056 0.2222 0.0833 0.0000 0.2222 0.4722 0.7067 1.1256 1.4089 1.5567 1.5689 1.4456 1.1867 0.7922 0.2622 0.0000
0.0000 0.0625 0.2344 0.3750 0.4844 0.5625 0.6094 0.6250 0.6094 0.5625 0.4844 0.3750 0.2744 0.1725 0.1600 0.1900 0.2000 0.1900 0.1600 0.2489 0.3733 0.4722 0.5556 0.5833 0.5556 0.4722 0.3333 0.1389 0.0833 0.3333 0.5278 0.7067 0.9900 1.1378 1.1500 1.0267 0.7678 0.3733 0.0833 0.0000
0.0000 0.2031 0.3750 0.5156 0.6250 0.7031 0.7500 0.7656 0.7500 0.7031 0.6350 0.6356 0.5850 0.4831 0.3300 0.3600 0.3700 0.3600 0.4133 0.6133 0.7378 0.7867 0.7600 0.7778 0.7500 0.6667 0.5278 0.3333 0.0833 0.1389 0.3333 0.4722 0.5556 0.5833 0.5956 0.4722 0.3333 0.1389 0.0000 0.0000
0.1094 0.3125 0.4844 0.6250 0.7344 0.8125 0.8594 0.8750 0.8594 0.8425 0.8944 0.8950 0.8444 0.7425 0.5894 0.5100 0.5200 0.5100 0.7022 0.9022 1.0267 1.0756 1.0489 0.9467 0.8889 0.8056 0.6667 0.4722 0.2222 0.0000 0.0833 0.2222 0.3056 0.3333 0.3056 0.2222 0.0833 0.0000 0.0000 0.0000
0.1875 0.3906 0.5625 0.7031 0.8125 0.8906 0.9375 0.9531 0.9475 1.0506 1.1025 1.1031 1.0525 0.9506 0.7975 0.6400 0.6500 0.6400 0.9156 1.1156 1.2400 1.2889 1.2622 1.1600 0.9822 0.8889 0.7500 0.5556 0.3056 0.0000 0.0000 0.0000 0.0000 0.0278 0.0000 0.0000 0.0000 0.0000 0.0000 0.0000
0.2344 0.4375 0.6094 0.7500 0.8594 0.9375 0.9844 1.0000 1.1044 1.2075 1.2594 1.2600 1.2094 1.1075 0.9544 0.7500 0.7600 0.7778 1.0533 1.2533 1.3778 1.4267 1.4000 1.2978 1.1200 0.9167 0.7778 0.5833 0.3333 0.0278 0.0000 0.0000 0.0000 0.0000 0.0000 0.0000 0.0000 0.0000 0.0000 0.0000
0.2500 0.4531 0.6250 0.7656 0.8750 0.9531 1.0000 1.0556 1.2100 1.3131 1.3650 1.3656 1.3150 1.2131 1.0600 0.8556 0.8500 0.8400 1.1156 1.3156 1.4400 1.4889 1.4622 1.3600 1.1822 0.9289 0.7500 0.5556 0.3056 0.0000 0.0000 0.0000 0.0000 0.0000 0.0000 0.0000 0.0000 0.0000 0.0000 0.0000
0.2344 0.4375 0.6094 0.7500 0.8594 0.9375 0.9844 1.1100 1.2644 1.3675 1.4194 1.4200 1.3694 1.2675 1.1144 0.9100 0.9200 0.9100 1.1022 1.3022 1.4267 1.4756 1.4489 1.3467 1.1689 0.9156 0.6667 0.4722 0.2222 0.0000 0.0000 0.0000 0.0000 0.0000 0.0000 0.0000 0.0000 0.0000 0.0000 0.0000
0.1875 0.3906 0.5625 0.7031 0.8125 0.8906 0.9375 1.1131 1.2675 1.3706 1.4225 1.4231 1.3725 1.2706 1.1175 0.9600 0.9700 0.9600 1.0133 1.2133 1.3378 1.3867 1.3600 1.2578 1.0800 0.8267 0.5278 0.3333 0.0833 0.0000 0.0000 0.0000 0.0000 0.0000 0.0000 0.0000 0.0000 0.0000 0.0000 0.0000
0.1094 0.3125 0.4844 0.6250 0.7344 0.8125 0.8594 1.0650 1.2194 1.3225 1.3744 1.3750 1.3244 1.2225 1.0694 0.9900 1.0000 0.9900 0.9600 1.0489 1.1733 1.2222 1.1956 1.0933 0.9156 0.6622 0.3333 0.1389 0.0000 0.0000 0.0000 0.0000 0.0000 0.0000 0.0000 0.0000 0.0000 0.0000 0.0000 0.0000
0.0000 0.2031 0.3750 0.5156 0.6250 0.7031 0.7600 0.9656 1.1200 1.2231 1.2750 1.2756 1.2250 1.1231 0.9700 1.0000 1.0000 1.0000 0.9700 0.9200 0.9333 0.9822 0.9556 0.8533 0.6756 0.4222 0.0933 0.0000 0.0000 0.0000 0.0000 0.0000 0.0000 0.0000 0.0000 0.0000 0.0000 0.0000 0.0000 0.0000
0.0000 0.0625 0.2344 0.3750 0.4844 0.5625 0.6094 0.8150 0.9694 1.0725 1.1244 1.1250 1.0744 0.9725 0.9600 0.9900 1.0000 0.9900 0.9600 0.9100 0.8400 0.7500 0.6400 0.5378 0.3600 0.1900 0.0000 0.0000 0.0000 0.0000 0.0000 0.0000 0.0000 0.0000 0.0000 0.0000 0.0000 0.0000 0.0000 0.0000
0.0000 0.0000 0.0625 0.2031 0.3125 0.3906 0.4375 0.6131 0.7675 0.8706 0.9225 0.9231 0.8725 0.8800 0.9300 0.9600 0.9700 0.9600 0.9300 0.8800 0.8100 0.7200 0.6100 0.4800 0.3300 0.1600 0.0000 0.0000 0.0000 0.0000 0.0000 0.0000 0.0000 0.0000 0.0000 0.0000 0.0000 0.0000 0.0000 0.0000
0.0000 0.0000 0.0000 0.0000 0.1094 0.1875 0.2344 0.3600 0.5144 0.6175 0.6694 0.6700 0.7600 0.8300 0.8800 0.9100 0.9200 0.9100 0.8800 0.8300 0.7600 0.6700 0.5600 0.4300 0.2800 0.1100 0.0000 0.0000 0.0000 0.0000 0.0000 0.0000 0.0000 0.0000 0.0000 0.0000 0.0000 0.0000 0.0000 0.0000
0.0000 0.0000 0.0000 0.0000 0.0000 0.0000 0.0000 0.0556 0.2100 0.3600 0.4900 0.6000 0.6900 0.7600 0.8100 0.8400 0.8500 0.8400 0.8100 0.7600 0.6900 0.6000 0.4900 0.3600 0.2100 0.0400 0.0000 0.0000 0.0000 0.0000 0.0000 0.0000 0.0000 0.0000 0.0000 0.0000 0.0000 0.0000 0.0000 0.0000
0.0000 0.0000 0.0000 0.0000 0.0000 0.0000 0.0000 0.0000 0.1200 0.2700 0.4000 0.5100 0.6000 0.6700 0.7200 0.7500 0.7600 0.7500 0.7200 0.6700 0.6000 0.5100 0.4000 0.2700 0.1200 0.0000 0.0000 0.0000 0.0000 0.0000 0.0000 0.0000 0.0000 0.0000 0.0000 0.0000 0.0000 0.0000 0.0000 0.0000
0.0000 0.0000 0.0000 0.0000 0.0000 0.0000 0.0000 0.0000 0.0100 0.1600 0.2900 0.4000 0.4900 0.5600 0.6100 0.6400 0.6500 0.6400 0.6100 0.5600 0.4900 0.4000 0.2900 0.1600 0.0100 0.0000 0.0000 0.0000 0.0000 0.0000 0.0000 0.0000 0.0000 0.0000 0.0000 0.0000 0.0000 0.0000 0.0000 0.0000
0.0000 0.0000 0.0000 0.0000 0.0000 0.0000 0.0000 0.0000 0.0000 0.0300 0.1600 0.2700 0.3600 0.4300 0.4800 0.5100 0.5200 0.5100 0.4800 0.4300 0.3600 0.2700 0.1600 0.0300 0.0000 0.0000 0.0000 0.0000 0.0000 0.0000 0.0000 0.0000 0.0000 0.0000 0.0000 0.0000 0.0000 0.0000 0.0000 0.0000
0.0000 0.0000 0.0000 0.0000 0.0000 0.0000 0.0000 0.0000 0.0000 0.0000 0.0100 0.1200 0.2100 0.2800 0.3300 0.3600 0.3700 0.3600 0.3300 0.2800 0.2100 0.1200 0.0100 0.0000 0.0000 0.0000 0.0000 0.0000 0.0000 0.0000 0.0000 0.0000 0.0000 0.0000 0.0000 0.0000 0.0000 0.0000 0.0000 0.0000
0.0000 0.0000 0.0000 0.0000 0.0000 0.0000 0.0000 0.0000 0.0000 0.0000 0.0000 0.0000 0.0400 0.1100 0.1600 0.1900 0.2000 0.1900 0.1600 0.1100 0.0400 0.0000 0.0000 0.0000 0.0000 0.0000 0.0000 0.0000 0.0000 0.0000 0.0000 0.0000 0.0000 0.0000 0.0000 0.0000 0.0000 0.0000 0.0000 0.0000
0.0000 0.0000 0.0000 0.0000 0.0000 0.0000 0.0000 0.0000 0.0000 0.0000 0.0000 0.0000 0.0000 0.0000 0.0000 0.0000 0.0100 0.0000 0.0000 0.0000 0.0000 0.0000 0.0000 0.0000 0.0000 0.0000 0.0000 0.0000 0.0000 0.0000 0.0000 0.0000 0.0000 0.0000 0.0000 0.0000 0.0000 0.0000 0.0000 0.0000
0.0000 0.0000 0.0000 0.0000 0.0000 0.0000 0.0000 0.0000 0.0000 0.0000 0.0000 0.0000 0.0000 0.0000 0.0000 0.0000 0.0000 0.0000 0.0000 0.0000 0.0000 0.0000 0.0000 0.0000 0.0000 0.0000 0.0000 0.0000 0.0000 0.0000 0.0000 0.0000 0.0000 0.0000 0.0000 0.0000 0.0000 0.0000 0.0000 0.0000
0.0000 0.0000 0.0000 0.0000 0.0000 0.0000 0.0000 0.0000 0.0000 0.0000 0.0000 0.0000 0.0000 0.0000 0.0000 0.0000 0.0000 0.0000 0.0000 0.0000 0.0000 0.0000 0.0000 0.0000 0.0000 0.0000 0.0000 0.0000 0.0000 0.0000 0.0000 0.0000 0.0000 0.0000 0.0000 0.0000 0.0000 0.0000 0.0000 0.0000
