0.0000 0.0000 0.0000 0.0000 0.0000 0.0000 0.0000 0.0000 0.0000 0.0000 0.0000 0.0000 0.0000 0.0000 0.0000 0.0000 0.0000 0.0000 0.0000 0.0000 0.0000 0.0400 0.1100 0.1600 0.1900 0.2000 0.1900 0.1600 0.1100 0.0400 0.0000 0.0000 0.0000 0.0000 0.0000 0.0000 0.0000 0.0000 0.0000 0.0000
0.0000 0.0000 0.0000 0.0000 0.0000 0.0000 0.0000 0.0000 0.0000 0.0000 0.0000 0.0000 0.0000 0.0000 0.0000 0.0000 0.0000 0.0000 0.0000 0.0100 0.1200 0.2100 0.2800 0.3300 0.3600 0.3700 0.3600 0.3300 0.2800 0.2100 0.1200 0.0100 0.0000 0.0000 0.0000 0.0000 0.0156 0.0000 0.0000 0.0000
0.0000 0.0000 0.0000 0.0000 0.0000 0.0000 0.0000 0.0000 0.0000 0.0000 0.0000 0.0000 0.0000 0.0000 0.0000 0.0000 0.0000 0.0000 0.0300 0.1600 0.2700 0.3600 0.4300 0.4800 0.5100 0.5200 0.5100 0.4800 0.4300 0.3600 0.2700 0.1600 0.0300 0.1094 0.1875 0.2344 0.2500 0.2344 0.1875 0.1094
0.0000 0.0000 0.0000 0.0000 0.0000 0.0000 0.0000 0.0000 0.0000 0.0000 0.0000 0.0000 0.0000 0.0000 0.0000 0.0000 0.0000 0.0100 0.1600 0.2900 0.4000 0.4900 0.5600 0.6100 0.6400 0.6500 0.6400 0.6100 0.5600 0.4900 0.4000 0.3525 0.3631 0.3225 0.3906 0.4375 0.4531 0.4375 0.3906 0.3125
0.0000 0.0000 0.0000 0.0000 0.0000 0.0000 0.0000 0.0000 0.0000 0.0000 0.0000 0.0000 0.0000 0.0000 0.0000 0.0000 0.0000 0.1200 0.3100 0.4000 0.5100 0.6000 0.6700 0.7200 0.7500 0.7600 0.7500 0.7200 0.6700 0.6000 0.5725 0.6344 0.6450 0.6044 0.5625 0.6094 0.6250 0.6094 0.5625 0.4844
0.0000 0.0000 0.0000 0.0000 0.0000 0.0000 0.0000 0.0000 0.0000 0.0000 0.0000 0.0000 0.0000 0.0000 0.0000 0.0400 0.2800 0.5700 0.7600 0.8500 0.8400 0.7300 0.7600 0.8100 0.8400 0.8500 0.8400 0.8100 0.7600 0.6900 0.8031 0.8650 0.8756 0.8350 0.7431 0.7500 0.7656 0.7500 0.7031 0.6250
0.0000 0.0000 0.0000 0.0000 0.0000 0.0000 0.0000 0.0000 0.0000 0.0000 0.0000 0.0000 0.0000 0.0000 0.0400 0.3200 0.6300 0.9200 1.1100 1.2000 1.1900 1.0800 0.8700 0.8800 0.9100 0.9200 0.9100 0.8800 0.8300 0.8694 0.9825 1.0444 1.0550 1.0144 0.9225 0.8594 0.8750 0.8594 0.8125 0.7344
0.0000 0.0000 0.0000 0.0000 0.0000 0.0000 0.0000 0.0000 0.0000 0.0000 0.0000 0.0000 0.0000 0.0000 0.2400 0.5200 0.8800 1.1700 1.3600 1.4500 1.4400 1.3300 1.1200 0.9300 0.9600 0.9700 0.9600 0.9300 0.8800 0.9975 1.1106 1.1725 1.1831 1.1425 1.0506 0.9375 0.9531 0.9375 0.8906 0.8125
0.0000 0.0000 0.0000 0.0000 0.0000 0.0000 0.0000 0.0000 0.0000 0.0000 0.0000 0.0000 0.0000 0.0000 0.3600 0.6400 1.0300 1.3200 1.5100 1.6000 1.5900 1.4800 1.2700 0.9600 0.9900 1.0000 0.9900 0.9600 0.9100 1.0744 1.1875 1.2494 1.2600 1.2194 1.1275 0.9844 1.0000 0.9844 0.9375 0.8594
0.0000 0.0000 0.0000 0.0000 0.0000 0.0000 0.0000 0.0000 0.0000 0.0000 0.0000 0.0000 0.0000 0.0400 0.4000 0.6900 1.0800 1.3700 1.5600 1.6500 1.6400 1.5300 1.3200 1.0100 1.0000 1.0100 1.0000 0.9700 0.9356 1.1000 1.2131 1.2750 1.2856 1.2450 1.1531 1.0100 1.0156 1.0000 0.9531 0.8750
0.0000 0.0000 0.0000 0.0000 0.0000 0.0000 0.0000 0.0000 0.0000 0.0000 0.0100 0.0000 0.0000 0.0000 0.3600 0.6400 1.0300 1.3200 1.5100 1.6000 1.5900 1.4800 1.2700 0.9600 0.9900 1.0000 0.9900 0.9600 0.9100 1.0744 1.1875 1.2494 1.2600 1.2194 1.1275 0.9844 1.0000 0.9844 0.9375 0.8594
0.0000 0.0000 0.0000 0.0000 0.0000 0.0000 0.0400 0.1100 0.1600 0.1900 0.2000 0.1900 0.1600 0.1100 0.2800 0.5200 0.8800 1.1700 1.3600 1.4500 1.4400 1.3300 1.1200 0.9300 0.9600 0.9700 0.9600 0.9300 0.8800 0.9975 1.1106 1.1725 1.1831 1.1425 1.0506 0.9375 0.9531 0.9375 0.8906 0.8125
0.0000 0.0000 0.0000 0.0000 0.0100 0.1200 0.2100 0.2800 0.3300 0.3600 0.3700 0.3600 0.3300 0.2800 0.2500 0.4400 0.6400 0.9200 1.1100 1.2000 1.1900 1.0800 0.8700 0.8800 0.9100 0.9200 0.9100 0.8800 0.8300 0.8694 0.9825 1.0444 1.0550 1.0144 0.9225 0.8594 0.8750 0.8594 0.8125 0.7344
0.0000 0.0000 0.0000 0.0300 0.1600 0.2700 0.3600 0.4300 0.4800 0.5100 0.5200 0.5100 0.4800 0.4300 0.3600 0.3100 0.4400 0.6000 0.7600 0.8500 0.8400 0.7300 0.7600 0.8100 0.8400 0.8500 0.8400 0.8100 0.7600 0.6900 0.8031 0.8650 0.8756 0.8350 0.7431 0.7500 0.7656 0.7500 0.7031 0.6250
0.0000 0.0000 0.0100 0.1600 0.2900 0.4000 0.4900 0.5600 0.6100 0.6400 0.6500 0.6400 0.6100 0.5600 0.4900 0.4000 0.2900 0.2800 0.3200 0.4000 0.5100 0.6000 0.6700 0.7200 0.7500 0.7600 0.7500 0.7200 0.6700 0.6000 0.5725 0.6344 0.6450 0.6044 0.5625 0.6094 0.6250 0.6094 0.5625 0.4844
0.0000 0.0000 0.1200 0.2700 0.4000 0.5100 0.6000 0.6700 0.7200 0.7500 0.7600 0.7500 0.7200 0.6700 0.6000 0.5100 0.4000 0.2800 0.2800 0.2900 0.4000 0.4900 0.5600 0.6100 0.6400 0.6500 0.6400 0.6100 0.5600 0.4900 0.4000 0.3525 0.3631 0.3225 0.3906 0.4375 0.4531 0.4375 0.3906 0.3125
0.0000 0.0400 0.2100 0.3600 0.4900 0.6000 0.6900 0.7600 0.8100 0.8400 0.8500 0.8400 0.8100 0.7600 0.6900 0.6000 0.4900 0.3600 0.2400 0.2000 0.2700 0.3600 0.4300 0.4800 0.5100 0.5200 0.5100 0.4800 0.4300 0.3600 0.2700 0.1600 0.0300 0.1094 0.1875 0.2344 0.2500 0.2344 0.1875 0.1094
0.0000 0.1100 0.2800 0.4300 0.5600 0.6700 0.7600 0.8300 0.8800 0.9100 0.9200 0.9100 0.8900 0.8300 0.7600 0.6700 0.5600 0.4300 0.2800 0.1200 0.1200 0.2100 0.2800 0.3300 0.3600 0.3700 0.3600 0.3300 0.2800 0.2100 0.1200 0.0100 0.0000 0.0000 0.0000 0.0000 0.0156 0.0000 0.0000 0.0000
0.0000 0.1600 0.3300 0.4800 0.6100 0.7200 0.8100 0.8800 0.9700 1.0700 1.1300 1.1500 1.1300 1.0700 0.9700 0.8300 0.6500 0.4800 0.3300 0.1600 0.0000 0.0400 0.1100 0.1600 0.1900 0.2000 0.1900 0.1600 0.1100 0.0400 0.0000 0.0000 0.0000 0.0000 0.0000 0.0000 0.0000 0.0000 0.0000 0.0000
0.0000 0.1900 0.3600 0.5100 0.6400 0.7500 0.8500 1.0300 1.1700 1.2700 1.3300 1.3500 1.3300 1.2700 1.1700 1.0300 0.8500 0.6300 0.3700 0.1900 0.0000 0.0000 0.0000 0.0000 0.0000 0.0100 0.0000 0.0000 0.0000 0.0204 0.0000 0.0000 0.0000 0.0000 0.0000 0.0000 0.0000 0.0000 0.0123 0.0000
0.0100 0.2000 0.3700 0.5200 0.6500 0.7900 1.0100 1.1900 1.3300 1.4300 1.4900 1.5100 1.4900 1.4300 1.3300 1.1900 1.0100 0.7900 0.5300 0.2300 0.0100 0.0000 0.0000 0.0000 0.0000 0.0000 0.1020 0.2041 0.2653 0.2857 0.2653 0.2041 0.1020 0.0000 0.0247 0.1111 0.1728 0.2099 0.2222 0.2099
0.0000 0.1900 0.3600 0.5100 0.6500 0.9100 1.1300 1.3100 1.4500 1.5500 1.6100 1.6300 1.6100 1.5500 1.4500 1.3100 1.1300 0.9100 0.6500 0.3500 0.0100 0.0000 0.0000 0.0000 0.0000 0.1837 0.3265 0.4286 0.4898 0.5102 0.4898 0.4286 0.3265 0.2824 0.2099 0.2963 0.3580 0.3951 0.4074 0.3951
0.0000 0.1600 0.3300 0.4800 0.7300 0.9900 1.2100 1.3900 1.5300 1.6300 1.6900 1.7100 1.6900 1.6300 1.5300 1.3900 1.2100 0.9900 0.7300 0.4300 0.1200 0.0000 0.0000 0.0000 0.1837 0.3673 0.5102 0.6122 0.6735 0.6939 0.6735 0.6122 0.6337 0.6266 0.5540 0.4568 0.5185 0.5556 0.5679 0.5556
0.0000 0.1100 0.2800 0.4700 0.7700 1.0300 1.2500 1.4300 1.5700 1.6700 1.7300 1.7500 1.7300 1.6700 1.5700 1.4300 1.2500 1.0300 0.7700 0.4700 0.2100 0.0400 0.0000 0.1020 0.3665 0.5102 0.6531 0.7551 0.8163 0.8367 0.8163 0.8539 0.9123 0.9053 0.8327 0.6946 0.6543 0.6914 0.7037 0.6914
0.0000 0.0400 0.2100 0.4700 0.7700 1.0300 1.2500 1.4300 1.5700 1.6700 1.7300 1.7500 1.7300 1.6700 1.5700 1.4300 1.2500 1.0300 0.7700 0.4700 0.2800 0.1500 0.2400 0.5641 0.8286 0.9722 0.9951 0.8971 0.9184 0.9388 0.9431 1.0670 1.1255 1.1184 1.0459 0.9078 0.7654 0.8025 0.8148 0.8025
0.0000 0.0000 0.1200 0.4300 0.7300 0.9900 1.2100 1.3900 1.5300 1.6300 1.6900 1.7100 1.6900 1.6300 1.5300 1.3900 1.2100 0.9900 0.7300 0.4800 0.3700 0.4800 0.5200 0.9053 1.1698 1.3135 1.3363 1.2384 1.0196 1.0000 1.0907 1.2147 1.2731 1.2661 1.1935 1.0554 0.8519 0.8889 0.9012 0.8889
0.0000 0.0000 0.0100 0.3500 0.6500 0.9100 1.1300 1.3100 1.4500 1.5500 1.6100 1.6300 1.6100 1.5500 1.4500 1.3100 1.1300 0.9100 0.6500 0.5100 0.6000 0.7100 0.7404 1.1257 1.3902 1.5339 1.5567 1.4588 1.2400 1.0204 1.1728 1.2968 1.3553 1.3482 1.2756 1.1376 0.9340 0.9506 0.9630 0.9506
0.0000 0.0000 0.0100 0.2300 0.5300 0.7900 1.0100 1.1900 1.3300 1.4300 1.4900 1.5100 1.4900 1.4300 1.3300 1.1900 1.0100 0.7900 0.6500 0.5200 0.7300 0.8400 0.8500 1.2253 1.4898 1.6335 1.6563 1.5584 1.3396 1.0000 1.1895 1.3134 1.3719 1.3648 1.2923 1.1542 0.9506 0.9877 1.0000 0.9877
0.0000 0.0000 0.0000 0.1900 0.3700 0.6300 0.8500 1.0300 1.1700 1.2700 1.3300 1.3500 1.3300 1.2700 1.1700 1.0300 0.8500 0.7500 0.6400 0.5500 0.7600 0.8700 0.8800 1.2041 1.4686 1.6122 1.6351 1.5371 1.3184 0.9911 1.1406 1.2646 1.3230 1.3159 1.2434 1.1053 0.9630 1.0000 1.0123 1.0000
0.0000 0.0000 0.0000 0.1600 0.3300 0.4800 0.6500 0.8300 0.9700 1.0700 1.1300 1.1500 1.1300 1.0700 0.9700 0.8800 0.8100 0.7200 0.6100 0.4800 0.6900 0.8000 0.8400 1.0620 1.3265 1.4702 1.4931 1.3951 1.1763 0.8367 1.0262 1.1502 1.2086 1.2016 1.1290 0.9909 0.9506 0.9877 1.0000 0.9877
0.0000 0.0000 0.0000 0.1100 0.2800 0.4300 0.5600 0.6700 0.7600 0.8300 0.8900 0.9100 0.9200 0.9100 0.8800 0.8300 0.7600 0.6700 0.5600 0.4300 0.5200 0.6300 0.7200 0.8400 1.0637 1.2073 1.2302 1.1322 0.9135 0.6939 0.8463 0.9703 1.0287 1.0217 0.9491 0.8519 0.9136 0.9506 0.9630 0.9506
0.0000 0.0000 0.0000 0.0400 0.2100 0.3600 0.4900 0.6000 0.6900 0.7600 0.8100 0.8400 0.8500 0.8400 0.8100 0.7600 0.6900 0.6000 0.4900 0.3600 0.2500 0.3600 0.5200 0.6400 0.6800 0.8237 0.8465 0.7486 0.5298 0.5102 0.6009 0.7249 0.7833 0.7763 0.7037 0.7901 0.8519 0.8889 0.9012 0.8889
0.0000 0.0000 0.0000 0.0000 0.1200 0.2700 0.4000 0.5100 0.6000 0.6700 0.7200 0.7500 0.7600 0.7500 0.7200 0.6700 0.6000 0.5100 0.4000 0.2700 0.1200 0.0400 0.2400 0.3600 0.4000 0.3600 0.3420 0.2441 0.2653 0.2857 0.2900 0.4140 0.4724 0.5062 0.6173 0.7037 0.7654 0.8025 0.8148 0.8025
0.0000 0.0000 0.0000 0.0000 0.0100 0.1600 0.2900 0.4000 0.4900 0.5600 0.6100 0.6400 0.6500 0.6400 0.6100 0.5600 0.4900 0.4000 0.2900 0.1600 0.0100 0.0000 0.0000 0.0000 0.0400 0.0000 0.0000 0.0000 0.0000 0.0204 0.0000 0.0988 0.2593 0.3951 0.5185 0.5926 0.6543 0.6914 0.7037 0.6914
0.0000 0.0000 0.0000 0.0000 0.0000 0.0300 0.1600 0.2700 0.3600 0.4300 0.4800 0.5100 0.5200 0.5100 0.4800 0.4300 0.3600 0.2700 0.1600 0.0300 0.0000 0.0000 0.0000 0.0000 0.0000 0.0000 0.0000 0.0000 0.0000 0.0000 0.0247 0.1111 0.2963 0.4691 0.5926 0.6667 0.6914 0.6667 0.5926 0.5556
0.0000 0.0000 0.0000 0.0000 0.0000 0.0000 0.0100 0.1200 0.2100 0.2800 0.3300 0.3600 0.3700 0.3600 0.3300 0.2800 0.2100 0.1200 0.0100 0.0000 0.0000 0.0000 0.0000 0.0000 0.0000 0.0000 0.0000 0.0000 0.0000 0.0988 0.2099 0.2963 0.3580 0.4938 0.6173 0.6914 0.7160 0.6914 0.6173 0.4938
0.0000 0.0000 0.0000 0.0000 0.0000 0.0000 0.0000 0.0000 0.0400 0.1100 0.1600 0.1900 0.2000 0.1900 0.1600 0.1100 0.0400 0.0000 0.0000 0.0000 0.0000 0.0000 0.0000 0.0000 0.0000 0.0000 0.0000 0.0000 0.1235 0.2593 0.3704 0.4568 0.5185 0.5556 0.5926 0.6667 0.6914 0.6667 0.5926 0.4691
0.0000 0.0000 0.0000 0.0000 0.0000 0.0000 0.0000 0.0000 0.0000 0.0000 0.0000 0.0000 0.0100 0.0000 0.0000 0.0000 0.0000 0.0000 0.0000 0.0000 0.0000 0.0000 0.0000 0.0000 0.0000 0.0000 0.0000 0.0988 0.2593 0.3951 0.5062 0.5926 0.6543 0.6914 0.7037 0.6914 0.6543 0.5926 0.5185 0.3951
0.0000 0.0000 0.0000 0.0000 0.0000 0.0000 0.0000 0.0000 0.0000 0.0000 0.0000 0.0000 0.0000 0.0000 0.0000 0.0000 0.0000 0.0000 0.0000 0.0000 0.0000 0.0000 0.0000 0.0000 0.0000 0.0000 0.0247 0.2099 0.3704 0.5062 0.6173 0.7037 0.7654 0.8025 0.8148 0.8025 0.7654 0.7037 0.6173 0.5062
0.0000 0.0000 0.0000 0.0000 0.0000 0.0000 0.0000 0.0000 0.0000 0.0000 0.0000 0.0000 0.0000 0.0000 0.0000 0.0000 0.0000 0.0000 0.0000 0.0000 0.0000 0.0000 0.0000 0.0000 0.0000 0.0000 0.1111 0.2963 0.4568 0.5926 0.7037 0.7901 0.8519 0.8889 0.9012 0.8889 0.8519 0.7901 0.7037 0.5926
