0.0247 0.1111 0.1728 0.2099 0.2222 0.2377 0.1728 0.1111 0.0247 0.0000 0.0000 0.0000 0.0000 0.0000 0.0000 0.0000 0.0000 0.0000 0.0000 0.0000 0.0000 0.0000 0.0000 0.0000 0.0000 0.0000 0.0000 0.0000 0.0000 0.0000 0.0000 0.0000 0.0000 0.0000 0.0000 0.0000 0.0000 0.0000 0.0000 0.0000
0.2099 0.2963 0.4414 0.6173 0.7130 0.7284 0.6636 0.5185 0.2932 0.0988 0.0000 0.0000 0.0000 0.0000 0.0000 0.0000 0.0000 0.0000 0.0000 0.0000 0.0000 0.0000 0.0000 0.0000 0.0000 0.0000 0.0000 0.0000 0.0000 0.0000 0.0000 0.0000 0.0000 0.0000 0.0000 0.0000 0.0000 0.0000 0.0000 0.0000
0.3704 0.5957 0.8519 1.0278 1.1235 1.1389 1.0741 0.9290 0.7037 0.3981 0.1235 0.0000 0.0000 0.0000 0.0000 0.0000 0.0000 0.0000 0.0000 0.0000 0.0000 0.0000 0.0000 0.0000 0.0000 0.0000 0.0000 0.0000 0.0000 0.0000 0.0000 0.0000 0.0000 0.0000 0.0000 0.0000 0.0000 0.0000 0.0000 0.0000
0.5895 0.9259 1.1821 1.3580 1.4537 1.4691 1.4043 1.2593 1.0340 0.7284 0.3426 0.0988 0.0000 0.0000 0.0000 0.0000 0.0000 0.0000 0.0000 0.0000 0.0000 0.0000 0.0000 0.0000 0.0000 0.0100 0.0000 0.0000 0.0000 0.0000 0.0000 0.0000 0.0000 0.0000 0.0000 0.0000 0.0000 0.0000 0.0000 0.0000
0.8395 1.1759 1.4321 1.6080 1.7037 1.7191 1.6543 1.5093 1.2840 0.9784 0.5926 0.2099 0.0247 0.0000 0.0000 0.0000 0.0000 0.0000 0.0000 0.0000 0.0000 0.0400 0.1100 0.1600 0.1900 0.2000 0.1900 0.1600 0.1100 0.0400 0.0000 0.0000 0.0000 0.0000 0.0000 0.0000 0.0000 0.0000 0.0000 0.0000
1.0093 1.3457 1.6019 1.7778 1.8735 1.8889 1.8241 1.6790 1.4537 1.1481 0.7623 0.2963 0.1111 0.0000 0.0000 0.0000 0.0000 0.0000 0.0000 0.0100 0.1200 0.2100 0.2923 0.3300 0.3600 0.3700 0.3600 0.3300 0.2800 0.2100 0.1200 0.0100 0.0000 0.0000 0.0000 0.0000 0.0000 0.0000 0.0000 0.0000
1.0988 1.4352 1.6914 1.8673 1.9630 1.9784 1.9136 1.7685 1.5432 1.2377 0.8519 0.3858 0.1728 0.0000 0.0000 0.0000 0.0000 0.0000 0.0547 0.2711 0.4428 0.5699 0.6522 0.6899 0.6828 0.6311 0.5347 0.4800 0.4300 0.3600 0.2700 0.1600 0.0300 0.0000 0.0000 0.0000 0.0000 0.0000 0.0000 0.0000
1.1080 1.4444 1.7006 1.8765 1.9722 1.9877 1.9228 1.7778 1.5525 1.2469 0.8611 0.3951 0.2099 0.0000 0.0000 0.0000 0.0000 0.1088 0.3699 0.5863 0.7580 0.8851 0.9674 1.0051 0.9980 0.9463 0.8499 0.7088 0.5600 0.4900 0.4000 0.2900 0.1600 0.0100 0.0000 0.0000 0.0000 0.0000 0.0000 0.0000
1.0370 1.3735 1.6296 1.8056 1.9012 1.9167 1.8519 1.7068 1.4815 1.1759 0.7901 0.4074 0.2222 0.0123 0.0000 0.0000 0.1235 0.3793 0.6404 0.8568 1.0285 1.1556 1.2379 1.2756 1.2685 1.2168 1.1204 0.9793 0.7935 0.6000 0.5100 0.4000 0.2700 0.1200 0.0000 0.0000 0.0000 0.0000 0.0000 0.0000
0.8858 1.2222 1.4784 1.6543 1.7500 1.7654 1.7006 1.5556 1.3302 1.0247 0.6389 0.3951 0.2099 0.0000 0.0000 0.0988 0.2993 0.6051 0.8662 1.0826 1.2543 1.3814 1.4637 1.5014 1.4943 1.4426 1.3462 1.2051 1.0193 0.7888 0.6000 0.4900 0.3600 0.2100 0.0400 0.0000 0.0000 0.0000 0.0000 0.0000
0.7654 0.9907 1.2469 1.4228 1.5185 1.5340 1.4691 1.3241 1.0988 0.7932 0.5185 0.3580 0.1728 0.0000 0.0247 0.2099 0.4804 0.7862 1.0473 1.2637 1.4354 1.5625 1.6448 1.6825 1.6754 1.6237 1.5273 1.3862 1.2004 0.9699 0.6947 0.5600 0.4300 0.2800 0.1100 0.0000 0.0000 0.0000 0.0000 0.0000
0.7037 0.7901 0.9352 1.1111 1.2068 1.2222 1.1574 1.0123 0.7870 0.5926 0.4568 0.2963 0.1111 0.0000 0.1111 0.2963 0.6168 0.9226 1.1837 1.4001 1.5719 1.6989 1.7812 1.8189 1.8119 1.7601 1.6637 1.5226 1.3368 1.1063 0.8311 0.6100 0.4800 0.3300 0.1600 0.0000 0.0000 0.0000 0.0000 0.0000
0.6173 0.7037 0.7654 0.8025 0.8148 0.8302 0.7654 0.7037 0.6173 0.5062 0.3704 0.2099 0.0247 0.0000 0.1728 0.3580 0.7085 1.0143 1.2754 1.4919 1.6636 1.7906 1.8730 1.9106 1.9036 1.8519 1.7554 1.6143 1.4285 1.1980 0.9228 0.6400 0.5100 0.3600 0.1900 0.0000 0.0000 0.0000 0.0000 0.0000
0.5062 0.5926 0.6543 0.6914 0.7037 0.6914 0.6543 0.5926 0.5062 0.3951 0.2593 0.0988 0.0000 0.0000 0.2099 0.4051 0.7556 1.0614 1.3225 1.5389 1.7106 1.8377 1.9200 1.9577 1.9506 1.8989 1.8025 1.6614 1.4756 1.2451 0.9699 0.6500 0.5200 0.3700 0.2000 0.0100 0.0000 0.0000 0.0000 0.0000
0.3704 0.4568 0.5185 0.5556 0.5679 0.5556 0.5185 0.4568 0.3704 0.2593 0.1235 0.0000 0.0000 0.0123 0.2222 0.4074 0.7579 1.0637 1.3248 1.5412 1.7130 1.8400 1.9223 1.9600 1.9530 1.9012 1.8048 1.6637 1.4779 1.2474 0.9722 0.6523 0.5100 0.3600 0.1900 0.0000 0.0000 0.0000 0.0000 0.0000
0.2099 0.2963 0.3580 0.3951 0.4074 0.3951 0.3580 0.2963 0.2099 0.0988 0.0000 0.0000 0.0000 0.0000 0.2099 0.3951 0.7156 1.0214 1.2825 1.4989 1.6706 1.7977 1.8800 1.9177 1.9106 1.8589 1.7625 1.6214 1.4356 1.2051 0.9299 0.6100 0.4800 0.3300 0.1600 0.0000 0.0000 0.0000 0.0000 0.0000
0.0247 0.1111 0.1728 0.2099 0.2222 0.2099 0.1728 0.1111 0.0247 0.0000 0.0000 0.0000 0.0000 0.0000 0.1728 0.3580 0.6285 0.9343 1.1954 1.4119 1.5836 1.7106 1.7930 1.8306 1.8236 1.7719 1.6754 1.5343 1.3485 1.1180 0.8428 0.5600 0.4300 0.2800 0.1100 0.0000 0.0247 0.1111 0.1728 0.2099
0.0000 0.0000 0.0000 0.0000 0.0123 0.0000 0.0000 0.0000 0.0000 0.0000 0.0000 0.0000 0.0000 0.0000 0.1111 0.2963 0.4968 0.8026 1.0637 1.2801 1.4519 1.5789 1.6612 1.6989 1.6919 1.6401 1.5437 1.4026 1.2168 0.9863 0.7111 0.4900 0.3600 0.2100 0.0400 0.0988 0.2099 0.2963 0.3580 0.3951
0.0000 0.0000 0.0000 0.0000 0.0000 0.0000 0.0000 0.0000 0.0000 0.0000 0.0000 0.0000 0.0000 0.0000 0.0247 0.2099 0.3704 0.6262 0.8873 1.1037 1.2754 1.4025 1.4848 1.5225 1.5154 1.4637 1.3673 1.2262 1.0404 0.8099 0.5347 0.4000 0.2700 0.1478 0.1235 0.2593 0.3704 0.4568 0.5185 0.5556
0.0000 0.0000 0.0000 0.0000 0.0000 0.0000 0.0000 0.0000 0.0000 0.0000 0.0000 0.0000 0.0000 0.0000 0.0000 0.0988 0.2593 0.4051 0.6662 0.8826 1.0543 1.1814 1.2637 1.3014 1.2943 1.2426 1.1462 1.0051 0.8193 0.5888 0.4833 0.5122 0.4656 0.4421 0.5648 0.6173 0.5895 0.5926 0.6543 0.6914
0.0000 0.0000 0.0000 0.0000 0.0000 0.0000 0.0000 0.0000 0.0000 0.0000 0.0000 0.0000 0.0000 0.0000 0.0000 0.0000 0.1235 0.2593 0.4004 0.6168 0.7885 0.9156 0.9979 1.0356 1.0285 0.9768 0.8804 0.7393 0.5535 0.4989 0.6033 0.6322 0.6102 0.7932 0.9259 0.9784 0.9506 0.8426 0.7654 0.8025
0.0000 0.0000 0.0000 0.0000 0.0000 0.0000 0.0000 0.0000 0.0000 0.0000 0.0000 0.0000 0.0000 0.0000 0.0000 0.0000 0.0100 0.0988 0.2099 0.3063 0.4780 0.6051 0.6874 0.7251 0.7180 0.6663 0.5699 0.4288 0.3633 0.5433 0.6478 0.6767 0.8611 1.0864 1.2068 1.2593 1.2315 1.1235 0.9352 0.8889
0.0000 0.0000 0.0000 0.0000 0.0000 0.0000 0.0000 0.0000 0.0000 0.0000 0.0000 0.0000 0.0400 0.1100 0.1600 0.1900 0.2000 0.1900 0.1847 0.2211 0.2128 0.2499 0.3322 0.3699 0.3628 0.3111 0.2147 0.1600 0.3322 0.5369 0.7778 0.9784 1.2716 1.4969 1.6173 1.6327 1.5432 1.3488 1.1358 0.9506
0.0000 0.0000 0.0000 0.0000 0.0000 0.0000 0.0000 0.0000 0.0000 0.0000 0.0100 0.1200 0.2100 0.2800 0.3300 0.3600 0.3700 0.3600 0.3300 0.2800 0.2100 0.1200 0.0223 0.0000 0.0000 0.0100 0.0000 0.0000 0.4043 0.7654 1.0463 1.2469 1.5772 1.8025 1.9228 1.9383 1.8488 1.6543 1.3549 0.9877
0.0000 0.0000 0.0000 0.0000 0.0000 0.0000 0.0000 0.0000 0.0000 0.0300 0.1600 0.2700 0.3600 0.4300 0.4800 0.5100 0.5200 0.5100 0.4800 0.4300 0.3600 0.2700 0.1600 0.0300 0.0000 0.0000 0.0000 0.1512 0.5926 0.9537 1.2346 1.4475 1.7778 2.0031 2.1235 2.1389 2.0494 1.8549 1.5556 1.1512
0.0000 0.0000 0.0000 0.0000 0.0000 0.0000 0.0000 0.0000 0.0100 0.1600 0.2900 0.4000 0.4900 0.5600 0.6100 0.6400 0.6500 0.6400 0.6100 0.5600 0.4900 0.4000 0.2900 0.1600 0.0100 0.0000 0.0988 0.2593 0.7006 1.0617 1.3426 1.5432 1.8735 2.0988 2.2191 2.2346 2.1451 1.9506 1.6512 1.2469
0.0000 0.0000 0.0000 0.0000 0.0000 0.0000 0.0000 0.0000 0.1200 0.2700 0.4000 0.5100 0.6000 0.6700 0.7200 0.7500 0.7600 0.7500 0.7200 0.6700 0.6000 0.5100 0.4000 0.2700 0.1200 0.0247 0.2099 0.3704 0.7284 1.0895 1.3704 1.5710 1.8642 2.0895 2.2099 2.2253 2.1358 1.9414 1.6420 1.3210
0.0000 0.0000 0.0000 0.0000 0.0000 0.0000 0.0000 0.0400 0.2100 0.3600 0.4900 0.6000 0.6900 0.7600 0.8100 0.8400 0.8500 0.8400 0.8100 0.7600 0.6900 0.6000 0.4900 0.3600 0.2100 0.1511 0.2963 0.4568 0.6759 1.0370 1.3179 1.5185 1.7500 1.9753 2.0957 2.1111 2.0216 1.8272 1.5278 1.3457
0.0000 0.0000 0.0000 0.0000 0.0000 0.0000 0.0000 0.1100 0.2800 0.4300 0.5600 0.6700 0.7600 0.8300 0.8800 0.9100 0.9200 0.9100 0.8800 0.8300 0.7600 0.6700 0.5600 0.4300 0.2800 0.2828 0.3580 0.5185 0.6543 0.9043 1.1852 1.3858 1.5309 1.7562 1.8765 1.8920 1.8025 1.6080 1.4198 1.3210
0.0000 0.0000 0.0000 0.0000 0.0000 0.0000 0.0000 0.1600 0.3300 0.4800 0.6100 0.7200 0.8100 0.8800 0.9456 0.9600 0.9700 0.9600 0.9300 0.8800 0.8100 0.7200 0.6100 0.4800 0.3300 0.3699 0.3951 0.5556 0.6914 0.8025 0.9722 1.1728 1.2932 1.4321 1.5525 1.5679 1.4784 1.3951 1.3457 1.2469
0.0000 0.0000 0.0000 0.0000 0.0000 0.0000 0.0000 0.1900 0.3600 0.5100 0.6400 0.8594 1.0275 1.1444 1.2100 1.2244 1.1875 1.0994 0.9600 0.9100 0.8400 0.7500 0.6400 0.5100 0.3723 0.4122 0.4074 0.5679 0.7037 0.8148 0.9012 0.9630 1.0000 1.0401 1.1235 1.2222 1.2716 1.2716 1.2222 1.1235
0.0000 0.0000 0.0000 0.0000 0.0000 0.0000 0.0100 0.2000 0.3700 0.5825 0.8531 1.0725 1.2406 1.3575 1.4231 1.4375 1.4006 1.3125 1.1731 0.9825 0.8500 0.7600 0.6500 0.5200 0.3700 0.4099 0.4051 0.5556 0.6914 0.8025 0.8889 0.9506 0.9877 1.0000 0.9877 1.0494 1.0988 1.0988 1.0494 0.9506
0.0000 0.0000 0.0000 0.0000 0.0000 0.0000 0.0000 0.1900 0.4225 0.7444 1.0150 1.2344 1.4025 1.5194 1.5850 1.5994 1.5625 1.4744 1.3350 1.1444 0.9025 0.7500 0.6400 0.5100 0.3600 0.3628 0.3580 0.5185 0.6543 0.7654 0.8519 0.9136 0.9506 0.9630 0.9506 0.9136 0.8765 0.8765 0.8272 0.7284
0.0000 0.0000 0.0000 0.0000 0.0000 0.0000 0.0000 0.1600 0.5331 0.8550 1.1256 1.3450 1.5131 1.6300 1.6956 1.7100 1.6731 1.5850 1.4456 1.2550 1.0131 0.7200 0.6100 0.4800 0.3300 0.2711 0.2963 0.4568 0.5926 0.7037 0.7901 0.8519 0.8889 0.9012 0.8889 0.8519 0.7901 0.7037 0.5926 0.4568
0.0000 0.0000 0.0000 0.0000 0.0000 0.0000 0.0000 0.2194 0.5925 0.9144 1.1850 1.4044 1.5725 1.6894 1.7550 1.7694 1.7325 1.6444 1.5050 1.3144 1.0725 0.7794 0.5600 0.4300 0.2800 0.1347 0.2099 0.3704 0.5062 0.6173 0.7037 0.7654 0.8025 0.8148 0.8025 0.7654 0.7037 0.6173 0.5062 0.3704
0.0000 0.0000 0.0000 0.0000 0.0000 0.0000 0.0000 0.2275 0.6006 0.9225 1.1931 1.4125 1.5806 1.6975 1.7631 1.7775 1.7406 1.6525 1.5131 1.3225 1.0806 0.7875 0.4900 0.3600 0.2100 0.0400 0.0988 0.2593 0.3951 0.5062 0.5926 0.6543 0.6914 0.7037 0.6914 0.6543 0.5926 0.5062 0.3951 0.2593
0.0000 0.0000 0.0000 0.0000 0.0000 0.0000 0.0000 0.2344 0.5575 0.8794 1.1500 1.3694 1.5375 1.6544 1.7200 1.7344 1.6975 1.6094 1.4700 1.2794 1.0375 0.7444 0.4000 0.2700 0.1200 0.0000 0.0000 0.1235 0.2593 0.3704 0.4568 0.5185 0.5556 0.5679 0.5556 0.5185 0.4568 0.3704 0.2593 0.1235
0.0000 0.0000 0.0000 0.0000 0.0000 0.0000 0.0156 0.2500 0.4631 0.7850 1.0556 1.2750 1.4431 1.5600 1.6256 1.6400 1.6031 1.5150 1.3756 1.1850 0.9431 0.6500 0.3056 0.1600 0.0100 0.0000 0.0000 0.0000 0.0988 0.2099 0.2963 0.3580 0.3951 0.4074 0.3951 0.3580 0.2963 0.2099 0.0988 0.0000
0.0000 0.0000 0.0000 0.0000 0.0000 0.0000 0.0000 0.2344 0.4375 0.6394 0.9100 1.1294 1.2975 1.4144 1.4800 1.4944 1.4575 1.3694 1.2300 1.0394 0.7975 0.5044 0.1600 0.0300 0.0000 0.0000 0.0000 0.0000 0.0000 0.0247 0.1111 0.1728 0.2099 0.2222 0.2099 0.1728 0.1111 0.0247 0.0000 0.0000
0.0000 0.0000 0.0000 0.0000 0.0000 0.0000 0.0000 0.1875 0.3906 0.5625 0.7131 0.9325 1.1006 1.2175 1.2831 1.2975 1.2606 1.1725 1.0331 0.8425 0.6006 0.3075 0.0100 0.0000 0.0000 0.0000 0.0000 0.0000 0.0000 0.0000 0.0000 0.0000 0.0000 0.0123 0.0000 0.0000 0.0000 0.0000 0.0000 0.0000
