0.0000 0.0000 0.0000 0.0000 0.0000 0.0000 0.0000 0.0000 0.0000 0.0000 0.0000 0.0000 0.0000 0.0000 0.0000 0.0000 0.0000 0.0000 0.0000 0.0000 0.0000 0.0000 0.0000 0.0000 0.0000 0.0000 0.0278 0.0000 0.0000 0.0000 0.0000 0.0000 0.0000 0.0000 0.0000 0.0000 0.0000 0.0000 0.0000 0.0000
0.0000 0.0000 0.0000 0.0000 0.0000 0.0000 0.0000 0.0000 0.0000 0.0000 0.0000 0.0000 0.0000 0.0000 0.0000 0.0000 0.0000 0.0000 0.0000 0.0000 0.0000 0.0000 0.0000 0.0833 0.2222 0.3056 0.3333 0.3056 0.2222 0.0833 0.0000 0.0000 0.0000 0.0000 0.0000 0.0000 0.0000 0.0000 0.0000 0.0000
0.0000 0.0000 0.0000 0.0000 0.0000 0.0000 0.0000 0.0000 0.0000 0.0000 0.0000 0.0000 0.0000 0.0000 0.0000 0.0123 0.0000 0.0000 0.0000 0.0000 0.0000 0.0000 0.1389 0.3333 0.4722 0.5556 0.5833 0.5556 0.4722 0.3333 0.1389 0.0000 0.0000 0.0000 0.0000 0.0000 0.0000 0.0000 0.0000 0.0000
0.0000 0.0000 0.0000 0.0000 0.0000 0.0000 0.0000 0.0000 0.0000 0.0000 0.0000 0.0247 0.1111 0.1728 0.2099 0.2222 0.2099 0.1728 0.1111 0.0247 0.0000 0.0833 0.3333 0.5278 0.6667 0.7500 0.7778 0.7500 0.6667 0.5278 0.3333 0.0833 0.0000 0.0000 0.0000 0.0000 0.0000 0.0000 0.0000 0.0000
0.0000 0.0000 0.0000 0.0000 0.0000 0.0000 0.0000 0.0000 0.0000 0.0000 0.0988 0.2099 0.2963 0.3580 0.3951 0.4074 0.3951 0.3580 0.2963 0.2099 0.0988 0.2222 0.4722 0.6667 0.8056 0.8889 0.9167 0.8889 0.8056 0.6667 0.4722 0.2222 0.0000 0.0000 0.0000 0.0000 0.0000 0.0000 0.0000 0.0000
0.0000 0.0000 0.0000 0.0000 0.0000 0.0000 0.0000 0.0000 0.0000 0.1235 0.2593 0.3704 0.4568 0.5185 0.5556 0.5679 0.5556 0.5185 0.4568 0.3704 0.2593 0.4290 0.5556 0.7500 0.8889 0.9722 1.0000 0.9722 0.8889 0.7500 0.5556 0.3056 0.0000 0.0000 0.0000 0.0000 0.0000 0.0000 0.0000 0.0000
0.0000 0.0000 0.0000 0.0000 0.0000 0.0000 0.0000 0.0000 0.0988 0.2593 0.3951 0.5062 0.5926 0.6543 0.6914 0.7037 0.6914 0.6543 0.5926 0.5062 0.4228 0.5926 0.6821 0.7778 0.9167 1.0000 1.0278 1.0000 0.9167 0.7778 0.5833 0.3333 0.0278 0.0000 0.0000 0.0000 0.0000 0.0000 0.0000 0.0000
0.0000 0.0000 0.0000 0.0000 0.0000 0.0000 0.0000 0.0247 0.2099 0.3704 0.5062 0.6173 0.7037 0.7654 0.8025 0.8148 0.8025 0.7654 0.7037 0.6173 0.5062 0.6759 0.7654 0.7747 0.8889 0.9722 1.0000 0.9722 0.8889 0.7500 0.5556 0.3056 0.0000 0.0000 0.0000 0.0000 0.0000 0.0000 0.0000 0.0000
0.0000 0.0000 0.0000 0.0156 0.0000 0.0000 0.0000 0.1111 0.2963 0.4568 0.5926 0.7037 0.7901 0.8519 0.8889 0.9012 0.8889 0.8519 0.7901 0.7037 0.5926 0.6790 0.7685 0.7778 0.8056 0.8889 0.9167 0.8889 0.8056 0.6667 0.4722 0.2222 0.0000 0.0000 0.0000 0.0000 0.0000 0.0000 0.0000 0.0000
0.1094 0.1875 0.2344 0.2500 0.2344 0.1875 0.1094 0.1728 0.3580 0.5185 0.6543 0.7654 0.8519 0.9136 0.9506 0.9630 0.9506 0.9136 0.8519 0.7654 0.6543 0.6019 0.6914 0.7006 0.6667 0.7500 0.7778 0.7500 0.6667 0.5278 0.3333 0.0833 0.0000 0.0000 0.0000 0.0000 0.0000 0.0000 0.0000 0.0000
0.3125 0.3906 0.4375 0.4531 0.4375 0.3906 0.3125 0.4130 0.4576 0.5556 0.6914 0.8025 0.8889 0.9506 0.9877 1.0000 0.9877 0.9506 0.8889 0.8025 0.6914 0.5556 0.5340 0.5432 0.4722 0.5556 0.5833 0.5556 0.4722 0.3333 0.1389 0.0000 0.0000 0.0000 0.0000 0.0000 0.0000 0.0000 0.0000 0.0000
0.4844 0.5625 0.6094 0.6250 0.6094 0.5625 0.4967 0.5972 0.6418 0.6304 0.7037 0.8148 0.9012 0.9630 1.0000 1.0123 1.0000 0.9630 0.9012 0.8148 0.7037 0.5679 0.4074 0.3056 0.2346 0.3056 0.3333 0.3056 0.2222 0.0833 0.0000 0.0000 0.0000 0.0000 0.0000 0.0000 0.0000 0.0000 0.0000 0.0000
0.6250 0.7031 0.7500 0.7656 0.7500 0.7031 0.6250 0.7255 0.7701 0.7587 0.6914 0.8025 0.8889 0.9506 0.9877 1.0000 0.9877 0.9506 0.8889 0.8025 0.6914 0.5556 0.3951 0.2099 0.0000 0.0000 0.0278 0.0000 0.0000 0.0000 0.0000 0.0400 0.0000 0.0000 0.0000 0.0000 0.0000 0.0000 0.0000 0.0000
0.7344 0.8125 0.8594 0.8750 0.8594 0.8125 0.7344 0.7978 0.8424 0.8310 0.7637 0.7654 0.8519 0.9136 0.9506 0.9630 0.9506 0.9136 0.8519 0.7654 0.6543 0.5185 0.3580 0.1728 0.0000 0.0000 0.0000 0.0000 0.0400 0.2400 0.3600 0.4000 0.3600 0.2400 0.0400 0.0000 0.0000 0.0000 0.0000 0.0000
0.8125 0.8906 0.9375 0.9531 0.9375 0.9006 0.8125 0.8142 0.8588 0.8474 0.7801 0.7037 0.7901 0.8519 0.8889 0.9012 0.8889 0.8519 0.7901 0.7037 0.5926 0.4568 0.2963 0.1111 0.0000 0.0000 0.0000 0.0400 0.3200 0.5200 0.6400 0.6800 0.6400 0.5200 0.3200 0.0400 0.0000 0.0000 0.0000 0.0000
0.8594 0.9775 1.0944 1.1600 1.1744 1.1375 1.0494 0.9347 0.9293 0.8479 0.7405 0.6173 0.7037 0.7654 0.8025 0.8148 0.8025 0.7654 0.7037 0.6173 0.5062 0.3704 0.2099 0.0247 0.0000 0.0000 0.0000 0.2400 0.5200 0.7200 0.8400 0.8800 0.8400 0.7200 0.5200 0.2400 0.0000 0.0000 0.0000 0.0000
0.9950 1.1631 1.2800 1.3456 1.3600 1.3231 1.2350 1.0956 1.0038 0.9224 0.7651 0.5318 0.5926 0.6543 0.6914 0.7037 0.6914 0.6543 0.5926 0.5062 0.3951 0.2593 0.0988 0.0000 0.0000 0.0000 0.0000 0.3600 0.6400 0.8400 0.9600 1.0000 0.9600 0.8400 0.6400 0.3600 0.0000 0.0000 0.0000 0.0000
1.1294 1.2975 1.4144 1.4800 1.4944 1.4575 1.3694 1.2300 1.0394 0.9210 0.7636 0.5304 0.4868 0.5185 0.5556 0.5679 0.5556 0.5185 0.4568 0.3704 0.2593 0.1235 0.0000 0.0000 0.0000 0.0000 0.0400 0.4000 0.6800 0.8800 1.0156 1.0400 1.0000 0.8800 0.6800 0.4000 0.0400 0.0000 0.0000 0.0000
1.2125 1.3806 1.4975 1.5631 1.5775 1.5406 1.4525 1.3131 1.1225 0.8806 0.6863 0.4999 0.4563 0.3680 0.3951 0.4074 0.3951 0.3580 0.2963 0.2099 0.0988 0.0000 0.0000 0.0000 0.0000 0.0000 0.0000 0.4694 0.8275 1.0744 1.2100 1.2344 1.1475 0.9494 0.6400 0.3600 0.0000 0.0000 0.0000 0.0000
1.2444 1.4125 1.5294 1.5950 1.6094 1.5725 1.4844 1.3450 1.1544 0.9125 0.6194 0.4247 0.3811 0.2928 0.2099 0.2222 0.2099 0.1728 0.1111 0.0247 0.0000 0.0000 0.0000 0.0000 0.0000 0.0625 0.2031 0.5525 0.9106 1.1575 1.2931 1.3175 1.2306 1.0325 0.7231 0.3025 0.0000 0.0000 0.0000 0.0000
1.2250 1.3931 1.5100 1.5756 1.5900 1.5531 1.4650 1.3256 1.1350 0.8931 0.6000 0.4900 0.3600 0.2100 0.0400 0.0123 0.0000 0.0000 0.0000 0.0000 0.0000 0.0000 0.0000 0.0000 0.0625 0.2344 0.3750 0.5244 0.9103 1.1294 1.2650 1.2894 1.2025 1.0044 0.6950 0.2744 0.0625 0.0000 0.0000 0.0000
1.1544 1.3225 1.4394 1.5050 1.5194 1.4825 1.3944 1.2550 1.0644 0.8225 0.6700 0.5600 0.4300 0.2800 0.1100 0.0000 0.0000 0.0000 0.0000 0.0000 0.0000 0.0000 0.0000 0.0000 0.2031 0.4583 0.7378 0.9306 1.0765 1.2956 1.3578 1.2333 1.0631 0.8650 0.5556 0.3750 0.2031 0.0000 0.0000 0.0000
1.0325 1.2006 1.3175 1.3831 1.3975 1.3606 1.2725 1.1331 0.9425 0.8100 0.7200 0.6100 0.4800 0.3300 0.1600 0.0000 0.0000 0.0000 0.0000 0.0000 0.0000 0.0000 0.0000 0.1094 0.4514 0.8177 1.1372 1.3999 1.5558 1.6049 1.5472 1.4227 1.1114 0.8444 0.6650 0.4844 0.3125 0.1094 0.0000 0.0000
0.8594 1.0275 1.1444 1.2100 1.2244 1.1875 1.0994 0.9600 0.9100 0.8400 0.7500 0.6400 0.5100 0.3600 0.1900 0.0000 0.0000 0.0000 0.0000 0.0000 0.0000 0.0000 0.0000 0.2708 0.7340 1.2103 1.5798 1.8425 1.9984 2.0475 1.9898 1.8253 1.5540 1.1758 0.9131 0.6825 0.4006 0.1875 0.0000 0.0000
0.7600 0.8500 0.9200 0.9856 1.0000 1.0100 1.0000 0.9700 0.9200 0.8500 0.7600 0.6500 0.5200 0.3700 0.2000 0.0100 0.0000 0.0000 0.0000 0.0000 0.0000 0.0000 0.0000 0.4866 1.0697 1.5460 1.9156 2.1783 2.3342 2.3833 2.3256 2.1610 1.8897 1.5116 1.1100 0.8794 0.5975 0.2644 0.0000 0.0000
0.7500 0.8400 0.9100 0.9600 0.9900 1.0000 0.9900 0.9600 0.9100 0.8400 0.7500 0.6400 0.5100 0.3600 0.1900 0.0000 0.0000 0.0000 0.0000 0.0000 0.0000 0.0000 0.0256 0.7156 1.2987 1.7750 2.1445 2.4072 2.5631 2.6122 2.5545 2.3900 2.1187 1.7406 1.2556 1.0250 0.7431 0.4100 0.0256 0.0000
0.7200 0.8100 0.8800 0.9300 0.9600 0.9700 0.9600 0.9300 0.8800 0.8100 0.7200 0.6100 0.4800 0.3300 0.1600 0.0000 0.0000 0.0000 0.0000 0.0000 0.0000 0.0000 0.1478 0.8377 1.4208 1.8972 2.2667 2.5294 2.6853 2.7344 2.6767 2.5122 2.2408 1.8627 1.3778 1.1194 0.8375 0.5044 0.1200 0.0000
0.6700 0.7600 0.8300 0.8800 0.9100 0.9200 0.9100 0.8800 0.8300 0.7600 0.6700 0.5600 0.4300 0.2800 0.1100 0.0000 0.0000 0.0000 0.0000 0.0000 0.0000 0.0400 0.2100 0.8531 1.4362 1.9125 2.2820 2.5447 2.7006 2.7497 2.6920 2.5275 2.2562 1.8781 1.3931 1.1625 0.8806 0.5475 0.2100 0.0400
0.6000 0.6900 0.7600 0.8100 0.8400 0.8500 0.8400 0.8100 0.7600 0.6900 0.6000 0.4900 0.3600 0.2378 0.0400 0.0000 0.0000 0.0000 0.0000 0.0000 0.0000 0.1100 0.2800 0.7616 1.3447 1.8210 2.1906 2.4533 2.6092 2.6583 2.6006 2.4360 2.1647 1.7866 1.3850 1.1544 0.8725 0.5394 0.2800 0.1100
0.5100 0.6000 0.6700 0.7200 0.7500 0.7600 0.7500 0.7200 0.6700 0.6000 0.5933 0.6222 0.5756 0.4533 0.3056 0.2222 0.0833 0.0000 0.0000 0.0000 0.0000 0.1600 0.3300 0.5633 1.1465 1.6228 1.9923 2.2550 2.4109 2.4600 2.4023 2.2378 1.9665 1.5883 1.3256 1.0950 0.8131 0.4800 0.3300 0.1600
0.4000 0.4900 0.5600 0.6100 0.6400 0.6500 0.6400 0.6100 0.5600 0.6289 0.7333 0.7622 0.7156 0.5933 0.5556 0.4722 0.3333 0.1389 0.0000 0.0000 0.0000 0.1900 0.3600 0.5100 0.8414 1.3177 1.6872 1.9499 2.1058 2.1549 2.0972 1.9327 1.6614 1.3944 1.2150 0.9844 0.7025 0.5100 0.3600 0.1900
0.2700 0.3600 0.4300 0.4800 0.5100 0.5200 0.5100 0.4800 0.5133 0.6933 0.7978 0.8267 0.7800 0.7778 0.7500 0.6667 0.5278 0.3333 0.0833 0.0000 0.0100 0.2000 0.3700 0.5200 0.6500 0.9058 1.2753 1.5381 1.6940 1.7431 1.6853 1.5208 1.3606 1.2325 1.0531 0.8225 0.6500 0.5200 0.3700 0.2000
0.1200 0.2100 0.2800 0.3300 0.3600 0.3700 0.3600 0.3300 0.5022 0.6822 0.7867 0.8156 0.8889 0.9167 0.8889 0.8056 0.6667 0.4722 0.2222 0.0000 0.0000 0.1900 0.3600 0.5100 0.6400 0.7500 0.8400 1.0194 1.1753 1.2244 1.2500 1.2244 1.1475 1.0194 0.8400 0.7500 0.6400 0.5100 0.3600 0.1900
0.0000 0.0400 0.1100 0.1600 0.1900 0.2000 0.1900 0.1600 0.4156 0.5956 0.7500 0.8889 0.9722 1.0000 0.9722 0.8889 0.7500 0.5556 0.3056 0.0000 0.0000 0.1600 0.3300 0.4800 0.6100 0.7200 0.8100 0.8800 0.9300 0.9600 0.9856 0.9600 0.9300 0.8800 0.8100 0.7200 0.6100 0.4800 0.3300 0.1600
0.0000 0.0000 0.0000 0.0000 0.0000 0.0100 0.0000 0.0278 0.3333 0.5833 0.7778 0.9167 1.0000 1.0278 1.0000 0.9167 0.7778 0.5833 0.3333 0.0278 0.0000 0.1100 0.2800 0.4300 0.5600 0.6700 0.7600 0.8300 0.8800 0.9100 0.9200 0.9100 0.8800 0.8300 0.7600 0.6700 0.5600 0.4300 0.2800 0.1100
0.0000 0.0000 0.0000 0.0000 0.0000 0.0000 0.0000 0.0000 0.3056 0.5556 0.7500 0.8889 0.9722 1.0000 0.9722 0.8889 0.7500 0.5556 0.3056 0.0000 0.0000 0.0400 0.2100 0.3600 0.4900 0.6000 0.6900 0.7600 0.8100 0.8400 0.8500 0.8400 0.8100 0.7600 0.6900 0.6000 0.4900 0.3600 0.2100 0.0400
0.0000 0.0000 0.0000 0.0000 0.0000 0.0000 0.0000 0.0000 0.2222 0.4722 0.6667 0.8056 0.8889 0.9167 0.8889 0.8056 0.6667 0.4722 0.2222 0.0000 0.0000 0.0000 0.1200 0.2700 0.4000 0.5100 0.6000 0.6700 0.7200 0.7500 0.7600 0.7500 0.7200 0.6700 0.6000 0.5100 0.4000 0.2700 0.1200 0.0000
0.0000 0.0000 0.0000 0.0000 0.0000 0.0000 0.0000 0.0000 0.0833 0.3333 0.5278 0.6667 0.7500 0.7778 0.7500 0.6667 0.5278 0.3333 0.0833 0.0000 0.0000 0.0000 0.0100 0.1600 0.2900 0.4000 0.4900 0.5600 0.6100 0.6400 0.6500 0.6400 0.6100 0.5600 0.4900 0.4000 0.2900 0.1600 0.0100 0.0000
0.0000 0.0000 0.0000 0.0000 0.0000 0.0000 0.0000 0.0000 0.0000 0.1389 0.3333 0.4722 0.5556 0.5833 0.5556 0.4722 0.3333 0.1389 0.0000 0.0000 0.0000 0.0000 0.0000 0.0300 0.1600 0.2700 0.3600 0.4300 0.4800 0.5100 0.5200 0.5100 0.4800 0.4300 0.3600 0.2700 0.1600 0.0300 0.0000 0.0000
0.0000 0.0000 0.0000 0.0000 0.0000 0.0000 0.0000 0.0000 0.0000 0.0000 0.0833 0.2222 0.3056 0.3333 0.3056 0.2222 0.0833 0.0000 0.0000 0.0000 0.0000 0.0000 0.0000 0.0000 0.0100 0.1200 0.2100 0.2800 0.3300 0.3600 0.3700 0.3600 0.3300 0.2800 0.2100 0.1200 0.0100 0.0000 0.0000 0.0000
