0.0000 0.0625 0.2031 0.3125 0.3906 0.4375 0.4531 0.4375 0.3906 0.3125 0.2031 0.0625 0.0000 0.0000 0.0000 0.0000 0.0000 0.0000 0.0000 0.0000 0.0000 0.0000 0.0000 0.0000 0.0000 0.0000 0.0000 0.0000 0.0000 0.0100 0.1600 0.2900 0.4000 0.4900 0.5600 0.6100 0.6400 0.6500 0.6400 0.6100
0.0625 0.2344 0.3750 0.4844 0.5625 0.6094 0.6250 0.6094 0.5625 0.4844 0.3750 0.2344 0.0625 0.0000 0.0000 0.0000 0.0000 0.0000 0.0000 0.0000 0.0000 0.0000 0.0000 0.0000 0.0000 0.0000 0.0000 0.0000 0.0000 0.1200 0.2700 0.4000 0.5100 0.6000 0.6700 0.7200 0.7500 0.7600 0.7500 0.7200
0.2031 0.3750 0.5156 0.6250 0.7031 0.7500 0.7656 0.7500 0.7031 0.6250 0.5156 0.3750 0.2031 0.0000 0.0000 0.0000 0.0000 0.0000 0.0000 0.0000 0.0000 0.0000 0.0000 0.0000 0.0000 0.0123 0.0000 0.0000 0.0400 0.2100 0.3600 0.4900 0.6000 0.6900 0.7600 0.8100 0.8400 0.8500 0.8400 0.8100
0.3125 0.4844 0.6250 0.7344 0.8125 0.8594 0.8750 0.8594 0.8125 0.7344 0.6250 0.4844 0.3125 0.1094 0.0000 0.0000 0.0000 0.0000 0.0000 0.0000 0.0000 0.0247 0.1111 0.1728 0.2099 0.2222 0.2099 0.1728 0.2211 0.3047 0.4300 0.5600 0.6700 0.7600 0.8300 0.8800 0.9100 0.9200 0.9100 0.8800
0.3906 0.5625 0.7031 0.8125 0.8906 0.9375 0.9531 0.9375 0.8906 0.8125 0.7031 0.5625 0.3906 0.2275 0.0000 0.0000 0.0000 0.0000 0.0000 0.0000 0.0988 0.2099 0.2963 0.3580 0.3951 0.4074 0.3951 0.3580 0.4563 0.5399 0.5788 0.6100 0.7200 0.8100 0.8800 0.9300 0.9600 0.9700 0.9600 0.9300
0.4375 0.6094 0.7500 0.8594 0.9375 0.9844 1.0000 0.9844 0.9375 0.8594 0.7900 0.8494 0.7975 0.6344 0.3600 0.2400 0.0400 0.0000 0.0000 0.1235 0.2593 0.3704 0.4568 0.5185 0.5556 0.5679 0.5556 0.5185 0.6468 0.7304 0.7693 0.7635 0.7500 0.8400 0.9100 0.9600 0.9900 1.0000 0.9900 0.9600
0.4531 0.6250 0.7656 0.8750 0.9531 1.0000 1.0156 1.0000 0.9531 0.9150 1.0856 1.1450 1.0931 0.9300 0.6556 0.5200 0.3200 0.0400 0.0988 0.2593 0.3951 0.5062 0.5926 0.6543 0.6914 0.7037 0.6914 0.6643 0.7926 0.8762 0.9151 0.9093 0.8588 0.8500 0.9200 0.9700 1.0000 1.0100 1.0000 0.9700
0.4375 0.6094 0.7500 0.8594 0.9375 0.9844 1.0000 0.9844 0.9375 1.0994 1.2700 1.3294 1.2775 1.1144 0.8400 0.7200 0.5200 0.2647 0.2099 0.3704 0.5062 0.6173 0.7037 0.7654 0.8025 0.8148 0.8025 0.7654 0.8937 0.9773 1.0162 1.0104 0.9599 0.8647 0.9100 0.9600 0.9900 1.0000 0.9900 0.9600
0.3906 0.5625 0.7031 0.8125 0.8906 0.9375 0.9531 0.9375 0.8906 1.1725 1.3431 1.4025 1.3506 1.1875 0.9600 0.8400 0.6400 0.4711 0.2963 0.4568 0.5926 0.7037 0.7901 0.8519 0.9093 0.9012 0.8889 0.8519 0.9501 1.0337 1.0726 1.0668 1.0163 0.9211 0.8800 0.9300 0.9600 0.9700 0.9600 0.9300
0.3125 0.4844 0.6250 0.7344 0.8125 0.8594 0.8750 0.8594 0.8525 1.1344 1.3050 1.3644 1.3125 1.1494 1.0000 0.8800 0.6800 0.5728 0.3980 0.5185 0.6543 0.8675 1.0559 1.1789 1.2363 1.2283 1.1547 1.0156 0.9619 1.0454 1.0843 1.0785 1.0280 0.9328 0.8300 0.8800 0.9100 0.9200 0.9100 0.8800
0.2031 0.3750 0.5156 0.6250 0.7031 0.7500 0.7656 0.7500 0.7031 0.9850 1.1556 1.2150 1.1631 1.0000 0.9600 0.8400 0.6400 0.5699 0.3951 0.5556 0.8750 1.1290 1.3175 1.4404 1.4979 1.4898 1.4162 1.2771 1.1126 1.0125 1.0514 1.0456 0.9951 0.8999 0.7600 0.8100 0.8400 0.8500 0.8400 0.8100
0.0625 0.2344 0.3750 0.4844 0.5625 0.6094 0.6250 0.6094 0.5625 0.7244 0.8950 0.9544 0.9025 0.8800 0.8400 0.7200 0.5323 0.4622 0.4074 0.7516 1.0711 1.3250 1.5135 1.6364 1.6939 1.6858 1.6122 1.4732 1.2686 1.1185 0.9737 0.9679 0.9174 0.8222 0.6823 0.7200 0.7500 0.7600 0.7500 0.7200
0.0000 0.0625 0.2031 0.3125 0.3906 0.4375 0.4531 0.4375 0.3906 0.3525 0.5231 0.5825 0.6400 0.6800 0.6400 0.5200 0.3200 0.2499 0.4971 0.8821 1.2016 1.4555 1.6440 1.7669 1.8367 1.8163 1.7428 1.6037 1.3991 1.1390 0.9534 0.8456 0.7951 0.6999 0.5600 0.6100 0.6400 0.6900 0.7500 0.7700
0.0000 0.0000 0.0000 0.1094 0.1875 0.2344 0.2500 0.2344 0.1875 0.1094 0.0400 0.2400 0.3600 0.4000 0.3600 0.2400 0.0400 0.1728 0.5621 0.9471 1.2913 1.6316 1.8818 2.0418 2.1116 2.0912 1.9806 1.7798 1.4888 1.1940 0.8884 0.6785 0.6280 0.5328 0.4300 0.4900 0.6300 0.7300 0.7900 0.8100
0.0000 0.0000 0.0000 0.0000 0.0000 0.0000 0.0156 0.0000 0.0000 0.0000 0.0000 0.0000 0.0000 0.0400 0.0000 0.0000 0.0000 0.1111 0.5616 1.0454 1.4759 1.8163 2.0665 2.2265 2.2963 2.2759 2.1653 1.9645 1.6735 1.2923 0.8579 0.4668 0.4163 0.3211 0.3100 0.4900 0.6300 0.7300 0.7900 0.8100
0.0000 0.0000 0.0000 0.0000 0.0000 0.0000 0.0000 0.0000 0.0000 0.0000 0.0000 0.0000 0.0000 0.0000 0.0000 0.0000 0.0000 0.0451 0.6190 1.1398 1.5704 1.9108 2.1610 2.3210 2.3908 2.3704 2.2598 2.0590 1.7680 1.3867 0.9153 0.3908 0.2099 0.0747 0.2700 0.4500 0.5900 0.6900 0.7500 0.7700
0.0000 0.0000 0.0000 0.0000 0.0000 0.0000 0.0000 0.0000 0.0000 0.0000 0.0000 0.0000 0.0000 0.0000 0.0000 0.0000 0.0000 0.0988 0.6233 1.1441 1.5747 1.9151 2.1653 2.3253 2.3951 2.3747 2.2640 2.0632 1.7722 1.3910 0.9196 0.3580 0.0988 0.1200 0.2700 0.4000 0.5100 0.6100 0.6700 0.7200
0.0000 0.0000 0.0000 0.0000 0.0000 0.0000 0.0000 0.0000 0.0000 0.0000 0.0000 0.0000 0.0000 0.0000 0.0000 0.0000 0.0247 0.2099 0.5745 1.0582 1.4888 1.8292 2.0794 2.2394 2.3091 2.2887 2.1781 1.9773 1.6863 1.3051 0.8337 0.3333 0.0647 0.2100 0.3600 0.4900 0.6000 0.6900 0.7600 0.8100
0.0000 0.0000 0.0000 0.0000 0.0000 0.0000 0.0000 0.0000 0.0000 0.0000 0.0000 0.0000 0.0000 0.0000 0.0000 0.0000 0.1111 0.2963 0.5588 0.9191 1.3127 1.6531 1.9033 2.0632 2.1330 2.1126 2.0020 1.8012 1.5102 1.1290 0.6576 0.2963 0.2211 0.2800 0.4300 0.5600 0.6700 0.7600 0.8300 0.8800
0.0000 0.0000 0.0000 0.0000 0.0000 0.0000 0.0000 0.0000 0.0000 0.0000 0.0000 0.0000 0.0000 0.0000 0.0000 0.0000 0.1728 0.3580 0.5185 0.8380 1.1328 1.3867 1.6369 1.7969 1.8667 1.8463 1.7357 1.5349 1.2439 0.8627 0.5185 0.3784 0.3328 0.3300 0.4800 0.6100 0.7200 0.8100 0.8800 0.9300
0.0000 0.0000 0.0000 0.0000 0.0000 0.0000 0.0000 0.0000 0.0000 0.0000 0.0000 0.0000 0.0000 0.0000 0.0000 0.0000 0.2099 0.3951 0.5556 0.6914 0.9861 1.2154 1.3792 1.4775 1.5102 1.4898 1.3792 1.2154 1.0882 0.8954 0.8209 0.6808 0.6652 0.5641 0.6120 0.6400 0.7500 0.8400 0.9100 0.9600
0.0000 0.0000 0.0000 0.0000 0.0000 0.0000 0.0000 0.0000 0.0000 0.0000 0.0000 0.0000 0.0000 0.0000 0.0000 0.0123 0.2222 0.4074 0.5679 0.7037 0.8148 1.0033 1.1670 1.2653 1.2981 1.2653 1.1670 1.1869 1.1413 1.1323 1.0577 0.9276 0.9120 0.8109 0.8465 0.8337 0.7600 0.8500 0.9200 0.9700
0.0000 0.0000 0.0000 0.0000 0.0000 0.0000 0.0000 0.0000 0.0000 0.0000 0.0000 0.0000 0.0000 0.0000 0.0000 0.0000 0.2099 0.3951 0.5556 0.6914 0.8025 0.8889 0.9506 0.9877 1.0204 0.9877 1.1343 1.2562 1.3127 1.3036 1.2290 1.0889 1.0733 0.9722 1.0202 1.0073 0.9337 0.8400 0.9100 0.9600
0.0000 0.0000 0.0000 0.0000 0.0000 0.0000 0.0000 0.0000 0.0000 0.0000 0.0000 0.0000 0.0000 0.0000 0.0000 0.0000 0.1728 0.3580 0.5185 0.6543 0.7654 0.8519 0.9136 0.9506 0.9630 1.0527 1.2401 1.3621 1.4185 1.4094 1.3348 1.1948 1.1492 1.0851 1.1331 1.1202 1.0465 0.9120 0.8800 0.9300
0.0000 0.0000 0.0000 0.0000 0.0000 0.0000 0.0000 0.0000 0.0000 0.0000 0.0000 0.0000 0.0000 0.0000 0.0000 0.0000 0.1111 0.2963 0.4568 0.5926 0.7037 0.7901 0.8519 0.8889 0.9012 1.0930 1.2804 1.4024 1.4588 1.4497 1.3752 1.2351 1.1395 1.1371 1.1851 1.1722 1.0986 0.9641 0.8300 0.8800
0.0000 0.0000 0.0000 0.0000 0.0000 0.0000 0.0000 0.0000 0.0000 0.0000 0.0000 0.0000 0.0000 0.0000 0.0000 0.0000 0.0247 0.2099 0.3704 0.5062 0.6173 0.7037 0.7654 0.8025 0.8148 1.0678 1.2552 1.3772 1.4336 1.4245 1.3500 1.2099 1.0443 1.1284 1.1763 1.1635 1.0898 0.9553 0.7600 0.8100
0.0000 0.0000 0.0000 0.0000 0.0000 0.0000 0.0000 0.0000 0.0000 0.0000 0.0000 0.0000 0.0000 0.0000 0.0000 0.0000 0.0000 0.0988 0.2593 0.3951 0.5062 0.5926 0.6543 0.6914 0.7241 0.9771 1.1645 1.2865 1.3429 1.3338 1.2593 1.1192 1.0000 1.0588 1.1067 1.0939 1.0202 0.8857 0.6904 0.7200
0.0000 0.0000 0.0000 0.0000 0.0000 0.0000 0.0000 0.0000 0.0000 0.0000 0.0000 0.0000 0.0000 0.0000 0.0000 0.0000 0.0000 0.0000 0.1235 0.2593 0.3704 0.4568 0.5185 0.5556 0.5679 0.8209 1.0083 1.1303 1.1867 1.1776 1.1030 1.0000 0.9796 0.9284 0.9763 0.9635 0.8898 0.7553 0.5600 0.6100
0.0000 0.0000 0.0000 0.0000 0.0000 0.0000 0.0000 0.0000 0.0000 0.0000 0.0000 0.0000 0.0000 0.0000 0.0000 0.0000 0.0000 0.0000 0.0000 0.0988 0.2099 0.2963 0.3580 0.3951 0.4074 0.5991 0.7866 0.9085 0.9650 0.9559 0.9184 0.9388 0.9184 0.8571 0.7851 0.7722 0.6986 0.5641 0.4300 0.4800
0.0000 0.0000 0.0000 0.0000 0.0000 0.0000 0.0000 0.0000 0.0000 0.0000 0.0000 0.0000 0.0000 0.0000 0.0000 0.0000 0.0000 0.0000 0.0000 0.0000 0.0247 0.1111 0.1728 0.2099 0.2222 0.3119 0.4994 0.6213 0.6778 0.7551 0.8163 0.8367 0.8163 0.7551 0.6531 0.5202 0.4465 0.3120 0.2800 0.3300
0.0000 0.0000 0.0000 0.0000 0.0000 0.0000 0.0000 0.0000 0.0000 0.0000 0.0000 0.0000 0.0000 0.0000 0.0000 0.0000 0.0000 0.0000 0.0000 0.0000 0.0000 0.0000 0.0000 0.0000 0.0123 0.0000 0.1837 0.3673 0.5102 0.6122 0.6735 0.6939 0.6735 0.6122 0.5102 0.3673 0.1837 0.0400 0.1100 0.1600
0.0000 0.0000 0.0000 0.0000 0.0000 0.0000 0.0000 0.0000 0.0000 0.0000 0.0000 0.0000 0.0000 0.0000 0.0000 0.0000 0.0000 0.0000 0.0000 0.0000 0.0000 0.0000 0.0000 0.0000 0.0000 0.0000 0.0000 0.1837 0.3265 0.4286 0.4898 0.5102 0.4898 0.4286 0.3265 0.1837 0.0000 0.0100 0.0000 0.0000
0.0000 0.0000 0.0000 0.0000 0.0000 0.0000 0.0000 0.0000 0.0000 0.0000 0.0000 0.0000 0.0000 0.0000 0.0000 0.0000 0.0000 0.0000 0.0000 0.0000 0.0000 0.0000 0.0000 0.0000 0.0000 0.0000 0.0000 0.0000 0.1020 0.2041 0.2653 0.2857 0.2653 0.2441 0.2120 0.1600 0.1900 0.2000 0.1900 0.1600
0.0000 0.0000 0.0000 0.0000 0.0000 0.0000 0.0000 0.0000 0.0000 0.0000 0.0000 0.0000 0.0000 0.0000 0.0000 0.0000 0.0000 0.0000 0.0000 0.0000 0.0000 0.0000 0.0000 0.0000 0.0000 0.0000 0.0000 0.0000 0.0000 0.0000 0.0000 0.0304 0.1200 0.2100 0.2800 0.3300 0.3600 0.3700 0.3600 0.3300
0.0000 0.0000 0.0000 0.0000 0.0000 0.0000 0.0000 0.0000 0.0000 0.0000 0.0000 0.0000 0.0000 0.0000 0.0000 0.0000 0.0000 0.0000 0.0000 0.0000 0.0000 0.0000 0.0000 0.0000 0.0000 0.0000 0.0000 0.0000 0.0000 0.0000 0.0300 0.1600 0.2700 0.3600 0.4300 0.4800 0.5100 0.5200 0.5100 0.4800
0.0000 0.0000 0.0000 0.0000 0.0000 0.0000 0.0000 0.0000 0.0000 0.0000 0.0000 0.0000 0.0000 0.0000 0.0000 0.0000 0.0000 0.0000 0.0000 0.0000 0.0000 0.0000 0.0000 0.0000 0.0000 0.0000 0.0000 0.0000 0.0000 0.0100 0.1600 0.2900 0.4000 0.4900 0.5600 0.6100 0.6400 0.6500 0.6400 0.6100
0.0000 0.0000 0.0000 0.0000 0.0000 0.0000 0.0000 0.0000 0.0000 0.0000 0.0000 0.0000 0.0000 0.0000 0.0000 0.0000 0.0000 0.0000 0.0000 0.0000 0.0000 0.0000 0.0000 0.0000 0.0000 0.0000 0.0000 0.0000 0.0000 0.1200 0.2700 0.4000 0.5100 0.6000 0.6700 0.7200 0.7500 0.7600 0.7500 0.7200
0.0000 0.0000 0.0000 0.0000 0.0000 0.0000 0.0000 0.0000 0.0000 0.0000 0.0000 0.0000 0.0000 0.0000 0.0000 0.0000 0.0000 0.0000 0.0000 0.0000 0.0000 0.0000 0.0000 0.0000 0.0000 0.0000 0.0000 0.0000 0.0400 0.2100 0.3600 0.4900 0.6000 0.6900 0.7600 0.8100 0.8400 0.8500 0.8400 0.8100
0.0000 0.0000 0.0000 0.0000 0.0000 0.0000 0.0000 0.0000 0.0000 0.0000 0.0000 0.0000 0.0000 0.0000 0.0000 0.0000 0.0000 0.0000 0.0000 0.0000 0.0000 0.0000 0.0000 0.0000 0.0000 0.0000 0.0000 0.0000 0.1100 0.2800 0.4300 0.5600 0.6700 0.7600 0.8300 0.8800 0.9100 0.9200 0.9100 0.8800
0.0000 0.0000 0.0000 0.0000 0.0000 0.0000 0.0000 0.0000 0.0000 0.0000 0.0000 0.0000 0.0000 0.0000 0.0000 0.0000 0.0000 0.0000 0.0000 0.0000 0.0000 0.0000 0.0000 0.0000 0.0000 0.0000 0.0000 0.0000 0.1600 0.3300 0.4800 0.6100 0.7200 0.8100 0.8800 0.9300 0.9600 0.9700 0.9600 0.9300
