0.0000 0.0000 0.0000 0.0000 0.0000 0.0000 0.0000 0.0000 0.0000 0.0000 0.0000 0.0000 0.0000 0.0000 0.0000 0.0000 0.0000 0.0000 0.0000 0.0000 0.0000 0.0000 0.0000 0.0000 0.0000 0.0000 0.0000 0.0000 0.0000 0.0000 0.0000 0.0000 0.0000 0.0000 0.0000 0.0000 0.0000 0.0000 0.0000 0.0000
0.0000 0.0000 0.0000 0.0000 0.0000 0.0000 0.0000 0.0000 0.0000 0.0000 0.0000 0.0000 0.0000 0.0000 0.0000 0.0000 0.0000 0.0000 0.0000 0.0000 0.0000 0.0000 0.0000 0.0000 0.0000 0.0000 0.0000 0.0000 0.0000 0.0000 0.0000 0.0000 0.0000 0.0000 0.0000 0.0000 0.0000 0.0000 0.0000 0.0000
0.0000 0.0000 0.0000 0.0000 0.0000 0.0000 0.0000 0.0000 0.0000 0.0000 0.0000 0.0000 0.0000 0.0000 0.0000 0.0000 0.0000 0.0000 0.0000 0.0000 0.0000 0.0000 0.0000 0.0100 0.0000 0.0000 0.0000 0.0000 0.0000 0.0000 0.0000 0.0000 0.0000 0.0000 0.0000 0.0000 0.0000 0.0000 0.0000 0.0000
0.0000 0.0000 0.0000 0.0000 0.0000 0.0000 0.0000 0.0000 0.0000 0.0000 0.0000 0.0000 0.0000 0.0000 0.0000 0.0000 0.0000 0.0000 0.0000 0.0400 0.1100 0.1600 0.1900 0.2000 0.1900 0.1600 0.1100 0.0400 0.0000 0.0000 0.0000 0.0000 0.0000 0.0000 0.0000 0.0000 0.0000 0.0000 0.0000 0.0000
0.0000 0.0000 0.0000 0.0000 0.0000 0.0000 0.0000 0.0000 0.0000 0.0000 0.0000 0.0000 0.0000 0.0000 0.0000 0.0000 0.0000 0.0100 0.1200 0.2100 0.2800 0.3300 0.3600 0.3700 0.3600 0.3300 0.2800 0.2100 0.1200 0.0378 0.0000 0.0000 0.0000 0.0000 0.0000 0.0000 0.0000 0.0000 0.0000 0.0000
0.0000 0.0000 0.0000 0.0000 0.0000 0.0000 0.0000 0.0000 0.0000 0.0000 0.0000 0.0000 0.0000 0.0000 0.0000 0.0000 0.0300 0.1600 0.2700 0.3600 0.4300 0.4800 0.5100 0.5200 0.5100 0.4800 0.5133 0.5822 0.5756 0.4933 0.3356 0.2222 0.0833 0.0000 0.0000 0.0000 0.0000 0.0000 0.0000 0.0000
0.0000 0.0000 0.0000 0.0000 0.0000 0.0000 0.0000 0.0000 0.0000 0.0000 0.0000 0.0000 0.0000 0.0000 0.0000 0.0100 0.1600 0.2900 0.4000 0.4900 0.5600 0.6100 0.6400 0.6500 0.6400 0.7489 0.8933 0.9622 0.9556 0.8733 0.7156 0.4822 0.3333 0.1389 0.0000 0.0000 0.0000 0.0000 0.0000 0.0000
0.0000 0.0000 0.0000 0.0000 0.0000 0.0000 0.0000 0.0000 0.0000 0.0000 0.0000 0.0000 0.0000 0.0000 0.0000 0.1200 0.2700 0.4000 0.5100 0.6000 0.6700 0.7200 0.7500 0.7600 0.8333 1.0533 1.1978 1.2667 1.2600 1.1778 1.0200 0.7867 0.5278 0.3333 0.0833 0.0000 0.0000 0.0400 0.0000 0.0000
0.0000 0.0000 0.0000 0.0000 0.0000 0.0000 0.0000 0.0000 0.0000 0.0000 0.0000 0.0000 0.0000 0.0000 0.0400 0.2100 0.3600 0.4900 0.6000 0.6900 0.7600 0.8100 0.8400 0.8500 1.0622 1.2822 1.4267 1.4956 1.4889 1.4067 1.2489 1.0156 0.7067 0.4722 0.2622 0.2400 0.3600 0.4000 0.3600 0.2400
0.0000 0.0000 0.0000 0.0000 0.0000 0.0000 0.0000 0.0000 0.0000 0.0000 0.0000 0.0000 0.0000 0.0000 0.1100 0.2800 0.4300 0.5600 0.6700 0.7600 0.8300 0.8800 0.9100 0.9200 1.2156 1.4356 1.5800 1.6489 1.6422 1.5600 1.4022 1.1689 0.8600 0.5956 0.6256 0.5200 0.6400 0.6800 0.6400 0.5200
0.0000 0.0000 0.0000 0.0000 0.0000 0.0000 0.0000 0.0000 0.0000 0.0000 0.0000 0.0000 0.0000 0.0000 0.1600 0.3300 0.4800 0.6100 0.7200 0.8100 0.8800 0.9300 0.9600 0.9978 1.2933 1.5133 1.6578 1.7267 1.7200 1.6378 1.4800 1.2467 0.9378 0.8233 0.8533 0.7478 0.8400 0.8800 0.8400 0.7200
0.0000 0.0000 0.0000 0.0000 0.0000 0.0000 0.0000 0.0000 0.0000 0.0000 0.0000 0.0000 0.0000 0.0000 0.1900 0.3600 0.5100 0.6400 0.7500 0.8400 0.9100 0.9600 0.9900 1.0100 1.2956 1.5156 1.6600 1.7289 1.7222 1.6400 1.4822 1.2489 0.9400 0.9156 0.9456 0.8400 0.9600 1.0000 0.9600 0.8400
0.0000 0.0000 0.0000 0.0000 0.0000 0.0000 0.0000 0.0000 0.0000 0.0000 0.0000 0.0000 0.0000 0.0100 0.2000 0.3700 0.5200 0.6500 0.7600 0.8900 1.0300 1.1300 1.1900 1.2100 1.4122 1.6022 1.6967 1.6956 1.6489 1.5667 1.4089 1.1756 0.9067 0.8822 0.9022 0.8800 1.0000 1.0400 1.0000 0.8800
0.0000 0.0000 0.0000 0.0000 0.0000 0.0000 0.0000 0.0000 0.0000 0.0000 0.0000 0.0000 0.0000 0.0000 0.1900 0.3600 0.5100 0.6500 0.8700 1.0500 1.1900 1.2900 1.3500 1.3978 1.4333 1.6233 1.7178 1.7167 1.6200 1.4278 1.2600 1.0267 0.7178 0.6933 0.7233 0.8400 0.9600 1.0000 0.9600 0.8400
0.0000 0.0000 0.0000 0.0000 0.0000 0.0000 0.0000 0.0000 0.0000 0.0000 0.0000 0.0000 0.0000 0.0000 0.1600 0.3300 0.5100 0.7700 0.9900 1.1700 1.3933 1.6322 1.7756 1.8233 1.7756 1.7711 1.7267 1.6422 1.5456 1.3533 1.0656 0.8022 0.4933 0.3789 0.5200 0.7200 0.8400 0.8800 0.8400 0.7200
0.0000 0.0000 0.0000 0.0000 0.0000 0.0000 0.0000 0.0000 0.0000 0.0000 0.0000 0.0000 0.0000 0.0000 0.1100 0.2900 0.5900 0.8500 1.0700 1.3889 1.7233 1.9622 2.1056 2.1533 2.1056 1.9622 1.8067 1.6111 1.3756 1.1833 0.8956 0.5122 0.1933 0.0400 0.3200 0.5200 0.6400 0.6800 0.6400 0.5200
0.0000 0.0000 0.0000 0.0000 0.0000 0.0000 0.0000 0.0000 0.0000 0.0000 0.0000 0.0000 0.0000 0.0000 0.0400 0.3300 0.6300 0.8900 1.1933 1.6233 1.9578 2.1967 2.3400 2.3878 2.3400 2.1967 1.9578 1.6233 1.1933 0.9178 0.6300 0.3300 0.0400 0.0000 0.0400 0.2400 0.3600 0.4000 0.3600 0.2400
0.0000 0.0000 0.0000 0.0000 0.0000 0.0000 0.0000 0.0000 0.0000 0.0000 0.0000 0.0000 0.0000 0.0000 0.0400 0.3300 0.6300 0.8900 1.3322 1.7622 2.0967 2.3356 2.4789 2.5267 2.4789 2.3356 2.0967 1.7622 1.3322 0.8900 0.6300 0.3300 0.0400 0.0000 0.0000 0.0000 0.0000 0.0400 0.0000 0.0000
0.0000 0.0000 0.0000 0.0000 0.0000 0.0000 0.0000 0.0000 0.0000 0.0000 0.0000 0.0000 0.0000 0.0000 0.1100 0.2900 0.5900 0.8500 1.3756 1.8056 2.1400 2.3789 2.5222 2.5700 2.5222 2.3789 2.1400 1.8056 1.3756 0.8500 0.5900 0.2900 0.1100 0.0000 0.0000 0.0000 0.0000 0.0000 0.0000 0.0000
0.0000 0.0000 0.0000 0.0000 0.0000 0.0000 0.0000 0.0000 0.0000 0.0000 0.0000 0.0000 0.0000 0.0000 0.1600 0.3300 0.5100 0.7978 1.3233 1.7533 2.0878 2.3267 2.4700 2.4900 2.4700 2.3267 2.0878 1.7533 1.3233 0.7978 0.5100 0.3300 0.1600 0.0000 0.0000 0.0000 0.0400 0.1100 0.1600 0.1900
0.0000 0.0000 0.0000 0.0000 0.0000 0.0000 0.0000 0.0000 0.0000 0.0000 0.0000 0.0000 0.0000 0.0000 0.1900 0.3600 0.5100 0.6500 1.1756 1.6056 1.9400 2.1789 2.3222 2.3700 2.3222 2.1789 1.9400 1.6056 1.1756 0.6500 0.5100 0.3600 0.1900 0.0000 0.0100 0.1200 0.2100 0.2800 0.3300 0.3600
0.0000 0.0000 0.0000 0.0000 0.0000 0.0000 0.0000 0.0000 0.0000 0.0000 0.0000 0.0000 0.0000 0.0100 0.2000 0.3700 0.5200 0.6500 0.9822 1.3622 1.6967 1.9356 2.0789 2.1267 2.0789 1.9356 1.6967 1.3622 0.9822 0.6500 0.5200 0.3700 0.2000 0.0400 0.1600 0.2700 0.3600 0.4300 0.4800 0.5100
0.0000 0.0000 0.0000 0.0000 0.0000 0.0000 0.0000 0.0000 0.0000 0.0000 0.0000 0.0000 0.0000 0.0000 0.1900 0.3600 0.5100 0.6400 0.8333 1.1733 1.4378 1.6267 1.7400 1.7878 1.7400 1.6267 1.4378 1.1733 0.8333 0.6400 0.5100 0.3600 0.2000 0.1600 0.2900 0.4000 0.4900 0.5600 0.6100 0.6400
0.0000 0.0000 0.0000 0.0000 0.0000 0.0000 0.0000 0.0000 0.0000 0.0000 0.0000 0.0000 0.0000 0.0000 0.1600 0.3300 0.4800 0.6100 0.7200 0.9489 1.2133 1.4022 1.5156 1.5533 1.5156 1.4022 1.2133 0.9489 0.7200 0.6100 0.4800 0.3300 0.2800 0.2700 0.4000 0.5100 0.6000 0.6700 0.7200 0.7500
0.0000 0.0000 0.0000 0.0000 0.0000 0.0000 0.0000 0.0000 0.0000 0.0000 0.0000 0.0000 0.0000 0.0000 0.1100 0.2800 0.4300 0.5600 0.6700 0.7600 0.9133 1.1022 1.2433 1.2533 1.2156 1.1022 0.9133 0.7600 0.6700 0.5600 0.4300 0.3200 0.3200 0.3600 0.4900 0.6000 0.6900 0.7600 0.8100 0.8400
0.0000 0.0000 0.0000 0.0000 0.0000 0.0000 0.0000 0.0000 0.0000 0.0000 0.0000 0.0000 0.0000 0.0000 0.0400 0.2100 0.3600 0.4900 0.6000 0.7733 0.9822 1.1156 1.1733 1.1833 1.0622 0.8933 0.7600 0.6900 0.6000 0.4900 0.3600 0.3200 0.3200 0.4300 0.5600 0.6700 0.7600 0.8300 0.8800 0.9100
0.0000 0.0000 0.0000 0.0000 0.0000 0.0000 0.0000 0.0000 0.0000 0.0000 0.0000 0.0000 0.0000 0.0000 0.0000 0.1200 0.2700 0.4000 0.6489 0.9333 1.1422 1.2756 1.3333 1.3156 1.2222 1.0533 0.8089 0.6000 0.5100 0.4000 0.2700 0.2800 0.3300 0.4800 0.6100 0.7200 0.8100 0.8800 0.9300 0.9600
0.0000 0.0000 0.0000 0.0000 0.0000 0.0000 0.0000 0.0000 0.0000 0.0000 0.0000 0.0000 0.0000 0.0000 0.0000 0.0100 0.1600 0.3733 0.7333 1.0178 1.2267 1.3600 1.4178 1.4000 1.3067 1.1378 0.8933 0.5733 0.4000 0.2900 0.1600 0.2000 0.3600 0.5100 0.6400 0.7500 0.8400 0.9100 0.9600 0.9900
0.0000 0.0000 0.0000 0.0000 0.0000 0.0000 0.0000 0.0000 0.0000 0.0000 0.0000 0.0000 0.0000 0.0000 0.0000 0.0000 0.0300 0.3822 0.7422 1.0267 1.2356 1.3689 1.4267 1.4089 1.3156 1.1467 0.9022 0.5822 0.2700 0.1600 0.0400 0.2000 0.3700 0.5200 0.6500 0.7600 0.8500 0.9200 0.9700 1.0000
0.0000 0.0000 0.0000 0.0000 0.0000 0.0000 0.0000 0.0000 0.0000 0.0000 0.0000 0.0000 0.0000 0.0204 0.0000 0.0000 0.0000 0.3156 0.6756 0.9600 1.1689 1.3022 1.3600 1.3422 1.2489 1.0800 0.8356 0.5156 0.1200 0.0100 0.0000 0.1900 0.3600 0.5100 0.6400 0.7500 0.8400 0.9100 0.9600 0.9900
0.0000 0.0000 0.0000 0.0000 0.0000 0.0000 0.0000 0.0000 0.0000 0.0000 0.1020 0.2041 0.2653 0.2857 0.2653 0.2041 0.1298 0.3333 0.5833 0.8178 1.0267 1.1600 1.2178 1.2000 1.1067 0.9378 0.6933 0.3733 0.0278 0.0000 0.0000 0.1600 0.3300 0.4800 0.6100 0.7200 0.8100 0.8800 0.9300 0.9600
0.0000 0.0000 0.0000 0.0204 0.0000 0.0000 0.0000 0.0000 0.0000 0.1837 0.3265 0.4286 0.4898 0.5102 0.4898 0.4286 0.3265 0.4892 0.5556 0.7500 0.8889 0.9722 1.0000 0.9822 0.8889 0.7500 0.5556 0.3056 0.0000 0.0000 0.0000 0.1100 0.2800 0.4300 0.5600 0.6700 0.7600 0.8300 0.8800 0.9100
0.1020 0.2041 0.2653 0.2857 0.2653 0.2041 0.1020 0.0000 0.1837 0.3673 0.5102 0.6122 0.6735 0.6939 0.6735 0.6122 0.5102 0.5896 0.6559 0.6667 0.8056 0.8889 0.9167 0.8889 0.8056 0.6667 0.4722 0.2222 0.0000 0.0000 0.0000 0.0400 0.2100 0.3600 0.4900 0.6000 0.6900 0.7600 0.8100 0.8400
0.3265 0.4286 0.4898 0.5102 0.4898 0.4286 0.3265 0.2857 0.3265 0.5102 0.6531 0.7551 0.8163 0.8367 0.8163 0.7551 0.6531 0.5935 0.6599 0.6298 0.6667 0.7500 0.7778 0.7500 0.6667 0.5278 0.3333 0.0833 0.0000 0.0000 0.0000 0.0000 0.1200 0.2700 0.4000 0.5100 0.6000 0.6700 0.7200 0.7500
0.5102 0.6122 0.6735 0.6939 0.6735 0.6122 0.5102 0.5714 0.6122 0.6122 0.7551 0.8571 0.9184 0.9388 0.9184 0.8571 0.7551 0.6122 0.5675 0.5374 0.4722 0.5556 0.5833 0.5556 0.4722 0.3333 0.1389 0.0000 0.0000 0.0000 0.0000 0.0000 0.0100 0.1600 0.2900 0.4000 0.4900 0.5600 0.6100 0.6400
0.6531 0.7551 0.8163 0.8367 0.8163 0.7551 0.6531 0.7755 0.8163 0.7755 0.8163 0.9184 0.9796 1.0000 0.9796 0.9184 0.8163 0.6735 0.4898 0.3486 0.2222 0.3056 0.3333 0.3056 0.2222 0.0833 0.0000 0.0000 0.0000 0.0000 0.0000 0.0000 0.0000 0.0300 0.1600 0.2700 0.3600 0.4300 0.4800 0.5100
0.7551 0.8571 0.9184 0.9388 0.9184 0.8571 0.7755 0.8980 0.9388 0.8980 0.8367 0.9388 1.0000 1.0204 1.0000 0.9388 0.8367 0.6939 0.5102 0.2857 0.0204 0.0000 0.0278 0.0000 0.0000 0.0000 0.0000 0.0000 0.0000 0.0000 0.0000 0.0000 0.0000 0.0000 0.0100 0.1200 0.2100 0.2800 0.3300 0.3600
0.8163 0.9184 0.9796 1.0000 0.9796 0.9184 0.8163 0.9388 0.9796 0.9388 0.8163 0.9184 0.9796 1.0000 0.9796 0.9184 0.8163 0.6735 0.4898 0.2653 0.0000 0.0000 0.0000 0.0000 0.0000 0.0000 0.0000 0.0000 0.0000 0.0000 0.0000 0.0000 0.0000 0.0000 0.0000 0.0000 0.0400 0.1100 0.1600 0.1900
0.8367 0.9388 1.0000 1.0204 1.0000 0.9388 0.8367 0.8980 0.9388 0.8980 0.7755 0.8571 0.9184 0.9388 0.9184 0.8571 0.7551 0.6122 0.4286 0.2041 0.0000 0.0000 0.0000 0.0000 0.0000 0.0000 0.0000 0.0000 0.0000 0.0000 0.0000 0.0000 0.0000 0.0000 0.0000 0.0000 0.0000 0.0000 0.0000 0.0000
0.8163 0.9184 0.9796 1.0000 0.9796 0.9184 0.8163 0.7755 0.8163 0.7755 0.6531 0.7551 0.8163 0.8367 0.8163 0.7551 0.6531 0.5102 0.3265 0.1020 0.0000 0.0000 0.0000 0.0000 0.0000 0.0000 0.0000 0.0000 0.0000 0.0000 0.0000 0.0000 0.0000 0.0000 0.0000 0.0000 0.0000 0.0000 0.0000 0.0000
