0.0000 0.0000 0.0000 0.0000 0.0000 0.0000 0.0000 0.0000 0.0278 0.0000 0.0000 0.0000 0.0000 0.0000 0.0000 0.0000 0.0000 0.0000 0.0000 0.0000 0.0000 0.0000 0.0000 0.0000 0.0000 0.0000 0.0000 0.0000 0.0000 0.0000 0.0000 0.0000 0.0000 0.0000 0.0000 0.0000 0.0000 0.0000 0.0000 0.0000
0.0000 0.0000 0.0000 0.0000 0.0000 0.0833 0.2222 0.3056 0.3333 0.3056 0.2222 0.0833 0.0000 0.0000 0.0000 0.0000 0.0000 0.0000 0.0000 0.0000 0.0000 0.0000 0.0000 0.0000 0.0000 0.0000 0.0000 0.0000 0.0000 0.0000 0.0000 0.0204 0.0000 0.0000 0.0000 0.0000 0.0000 0.0000 0.0000 0.0000
0.0000 0.0000 0.0278 0.0000 0.1389 0.3333 0.4722 0.5556 0.5833 0.5556 0.4722 0.3333 0.1389 0.0000 0.0000 0.0000 0.0000 0.0000 0.0000 0.0000 0.0000 0.0000 0.0000 0.0000 0.0000 0.0000 0.0000 0.0000 0.1020 0.2041 0.2653 0.2857 0.2653 0.2041 0.1020 0.0000 0.0000 0.0000 0.0000 0.0000
0.2222 0.3056 0.3333 0.3889 0.5556 0.6111 0.6667 0.7500 0.7778 0.7500 0.6667 0.5278 0.3333 0.0833 0.0000 0.0000 0.0000 0.0000 0.0000 0.0000 0.0000 0.0000 0.0000 0.0000 0.0000 0.0000 0.0000 0.1837 0.3265 0.4286 0.4898 0.5102 0.4898 0.4286 0.3265 0.1837 0.0000 0.0000 0.0000 0.0000
0.4722 0.5556 0.5833 0.7778 0.9444 1.0000 0.9444 0.8889 0.9167 0.8889 0.8056 0.6667 0.4722 0.2222 0.0000 0.0000 0.0000 0.0000 0.0000 0.0000 0.0000 0.0000 0.0000 0.0000 0.0000 0.0000 0.1837 0.3673 0.5102 0.6122 0.6735 0.6939 0.6735 0.6122 0.5102 0.3673 0.1837 0.0000 0.0000 0.0000
0.6667 0.7500 0.7778 1.0556 1.2222 1.2778 1.2222 1.0556 1.0000 0.9722 0.8889 0.7500 0.5556 0.3056 0.0000 0.0000 0.0000 0.0000 0.0000 0.0000 0.0000 0.0000 0.0000 0.0000 0.0000 0.1020 0.3265 0.5102 0.6531 0.7551 0.8163 0.8367 0.8163 0.7551 0.6531 0.5102 0.3265 0.1020 0.0000 0.0000
0.8056 0.8889 0.9444 1.2222 1.3889 1.4444 1.3889 1.2222 1.0278 1.0000 0.9167 0.7778 0.5833 0.3333 0.0278 0.0000 0.0000 0.0000 0.0000 0.0000 0.0000 0.0000 0.0000 0.0000 0.0000 0.2041 0.4286 0.6122 0.7551 0.8571 0.9184 0.9388 0.9184 0.8571 0.7551 0.6122 0.4286 0.2041 0.0000 0.0000
0.8889 0.9722 1.0000 1.2778 1.4444 1.5000 1.4444 1.2778 1.0000 0.9722 0.8889 0.7500 0.5556 0.3056 0.0000 0.0000 0.0000 0.0000 0.0000 0.0000 0.0000 0.0000 0.0000 0.0000 0.0000 0.2653 0.4898 0.6735 0.8163 0.9184 0.9796 1.0000 0.9796 0.9184 0.8163 0.6735 0.4898 0.2653 0.0000 0.0000
0.9167 1.0000 1.0278 1.2222 1.3889 1.4444 1.3889 1.2222 0.9444 0.8889 0.8056 0.6667 0.4722 0.2222 0.0000 0.0000 0.0000 0.0000 0.0000 0.0000 0.0000 0.0000 0.0000 0.0000 0.0204 0.2857 0.5102 0.6939 0.8367 0.9388 1.0000 1.0204 1.0000 0.9388 0.8367 0.6939 0.5102 0.2857 0.0204 0.0000
0.8889 0.9722 1.0000 1.0556 1.2222 1.2778 1.2222 1.0556 0.7778 0.7500 0.6667 0.5278 0.3333 0.0833 0.0000 0.0000 0.0000 0.0000 0.0000 0.0000 0.0000 0.0000 0.0000 0.0000 0.0000 0.2653 0.4898 0.6735 0.8163 0.9184 0.9796 1.0000 0.9796 0.9184 0.8163 0.6735 0.4898 0.2653 0.0000 0.0000
0.8056 0.8889 0.9167 0.8889 0.9444 1.0000 0.9444 0.7778 0.5833 0.5556 0.4722 0.3333 0.1389 0.0000 0.0000 0.0000 0.0000 0.0000 0.0000 0.0000 0.0000 0.0000 0.0000 0.0000 0.0000 0.2041 0.4286 0.6122 0.7551 0.8571 0.9184 0.9388 0.9184 0.8571 0.7551 0.6122 0.4286 0.2041 0.0000 0.0000
0.6667 0.7500 0.7778 0.7500 0.6667 0.6111 0.5556 0.3889 0.3333 0.3056 0.2222 0.0833 0.0000 0.0000 0.0000 0.0000 0.0000 0.0000 0.0000 0.0000 0.0000 0.0000 0.0000 0.0000 0.0000 0.1020 0.3265 0.5102 0.6531 0.7551 0.8163 0.8367 0.8163 0.7551 0.6531 0.5102 0.3265 0.1020 0.0000 0.0000
0.4722 0.5556 0.5833 0.5556 0.4722 0.3333 0.1389 0.0000 0.0278 0.0000 0.0000 0.0278 0.0000 0.0000 0.0000 0.0000 0.0000 0.0000 0.0000 0.0000 0.0000 0.0000 0.0000 0.0000 0.0000 0.0000 0.1837 0.3673 0.5102 0.6122 0.6735 0.6939 0.6735 0.6122 0.5102 0.3673 0.1837 0.0000 0.0000 0.0000
0.2222 0.3056 0.3333 0.3056 0.2222 0.0833 0.0000 0.0000 0.0833 0.2222 0.3056 0.3333 0.3056 0.2222 0.0833 0.0000 0.0000 0.0000 0.0000 0.0000 0.0000 0.0000 0.0000 0.0000 0.0000 0.0000 0.0000 0.1837 0.3265 0.4286 0.4898 0.5102 0.4898 0.4286 0.3265 0.1837 0.0000 0.0000 0.0000 0.0000
0.0000 0.0000 0.0278 0.0000 0.0000 0.0000 0.0000 0.1389 0.3333 0.4722 0.5556 0.5833 0.5556 0.4722 0.3333 0.1389 0.0000 0.0000 0.0000 0.0000 0.0000 0.0000 0.0000 0.0000 0.0000 0.0000 0.0000 0.0000 0.1020 0.2041 0.2653 0.2857 0.2653 0.2041 0.1020 0.0000 0.0000 0.0000 0.0000 0.0000
0.0000 0.0000 0.0000 0.0000 0.0000 0.0000 0.0833 0.3333 0.5556 0.6667 0.7500 0.7778 0.7500 0.6667 0.5278 0.3333 0.0833 0.0000 0.0000 0.0000 0.0000 0.0000 0.0000 0.0000 0.0000 0.0000 0.0000 0.0000 0.0000 0.0000 0.0000 0.0204 0.0000 0.0000 0.0000 0.0000 0.0000 0.0000 0.0000 0.0000
0.0000 0.0000 0.0000 0.0000 0.0000 0.0833 0.4444 0.7778 1.0000 1.1111 1.1111 1.0000 0.8889 0.8056 0.6667 0.4722 0.2222 0.0000 0.0000 0.0000 0.0000 0.0000 0.0000 0.0000 0.0000 0.0000 0.0000 0.0000 0.0000 0.0000 0.0000 0.0000 0.0000 0.0000 0.0000 0.0000 0.0000 0.0000 0.0000 0.0000
0.0000 0.0000 0.0000 0.0000 0.1389 0.3333 0.7778 1.1111 1.3333 1.4444 1.4444 1.3333 1.1111 0.8889 0.7500 0.5556 0.3056 0.0000 0.0000 0.0000 0.0000 0.0000 0.0000 0.0000 0.0000 0.0000 0.0000 0.0000 0.0000 0.0000 0.0100 0.0000 0.0000 0.0000 0.0000 0.0000 0.0000 0.0000 0.0000 0.0000
0.0000 0.0000 0.0000 0.0833 0.3333 0.5556 1.0000 1.3333 1.5556 1.6667 1.6667 1.5556 1.3333 1.0000 0.7778 0.5833 0.3333 0.0278 0.0000 0.0000 0.0000 0.0000 0.0000 0.0000 0.0000 0.0000 0.0400 0.1100 0.1600 0.1900 0.2000 0.1900 0.1600 0.1100 0.0400 0.0000 0.0000 0.0000 0.0000 0.0000
0.0000 0.0000 0.0000 0.2222 0.4722 0.6667 1.1111 1.4444 1.6667 1.7778 1.7778 1.6667 1.4444 1.1111 0.7500 0.5556 0.3056 0.0000 0.0000 0.0000 0.0000 0.0000 0.0000 0.0000 0.0100 0.1200 0.2100 0.2800 0.3300 0.3600 0.3700 0.3600 0.3300 0.2800 0.2100 0.1200 0.0100 0.0000 0.0000 0.0000
0.0000 0.0000 0.0000 0.3056 0.5556 0.7500 1.1111 1.4444 1.6667 1.7778 1.7778 1.6667 1.4444 1.1111 0.6667 0.4722 0.2222 0.0000 0.0000 0.0000 0.0000 0.0000 0.0000 0.0400 0.1600 0.2700 0.3600 0.4300 0.4800 0.5100 0.5200 0.5100 0.4800 0.4300 0.3600 0.2700 0.1600 0.0300 0.0000 0.0000
0.0000 0.0000 0.0278 0.3333 0.5833 0.7778 1.0000 1.3333 1.5556 1.6667 1.6667 1.5556 1.3333 1.0000 0.5556 0.3333 0.0833 0.0000 0.0000 0.0400 0.1100 0.1600 0.2000 0.3600 0.4800 0.5600 0.6000 0.6000 0.6100 0.6400 0.6500 0.6400 0.6100 0.5600 0.4900 0.4000 0.2900 0.1600 0.0100 0.0000
0.0000 0.0000 0.0000 0.3056 0.5556 0.7500 0.8889 1.1111 1.3333 1.4444 1.4444 1.3333 1.1111 0.7778 0.3333 0.1389 0.0000 0.0100 0.1200 0.2100 0.2800 0.3300 0.4800 0.6400 0.7600 0.8400 0.8800 0.8800 0.8400 0.7600 0.7600 0.7500 0.7200 0.6700 0.6000 0.5100 0.4000 0.2700 0.1200 0.0000
0.0000 0.0000 0.0000 0.2222 0.4722 0.6667 0.8056 0.8889 1.0000 1.1111 1.1111 1.0000 0.7778 0.4444 0.0833 0.0000 0.0300 0.1600 0.2700 0.3600 0.4300 0.5200 0.7200 0.8800 1.0000 1.0800 1.1200 1.1200 1.0800 1.0000 0.8800 0.8400 0.8100 0.7600 0.6900 0.6000 0.4900 0.3600 0.2100 0.0400
0.0000 0.0000 0.0000 0.0833 0.3333 0.5278 0.6667 0.7500 0.7778 0.7500 0.6667 0.5556 0.3333 0.0833 0.0000 0.0100 0.1600 0.2900 0.4000 0.4900 0.5600 0.7200 0.9200 1.0800 1.2000 1.2800 1.3200 1.3200 1.2800 1.2000 1.0800 0.9200 0.8800 0.8300 0.7600 0.6700 0.5600 0.4300 0.2800 0.1100
0.0000 0.0000 0.0000 0.0000 0.1389 0.3333 0.4722 0.5556 0.5833 0.5556 0.4722 0.3333 0.1389 0.0000 0.0000 0.1200 0.2700 0.4000 0.5100 0.6000 0.6700 0.8800 1.0800 1.2400 1.3600 1.4400 1.4800 1.4800 1.4400 1.3600 1.2400 1.0800 0.9300 0.8800 0.8100 0.7200 0.6100 0.4800 0.3300 0.1600
0.0000 0.0000 0.0000 0.0000 0.0000 0.0833 0.2222 0.3056 0.3333 0.3056 0.2222 0.0833 0.0000 0.0000 0.0400 0.2100 0.3600 0.4900 0.6000 0.6900 0.7600 1.0000 1.2000 1.3600 1.4800 1.5600 1.6000 1.6000 1.5600 1.4800 1.3600 1.2000 1.0000 0.9100 0.8400 0.7500 0.6400 0.5100 0.3600 0.1900
0.0000 0.0000 0.0000 0.0000 0.0000 0.0000 0.0000 0.0000 0.0278 0.0000 0.0000 0.0000 0.0000 0.0000 0.1100 0.2800 0.4300 0.5600 0.6700 0.7600 0.8400 1.0800 1.2800 1.4400 1.5600 1.6400 1.6800 1.6800 1.6400 1.5600 1.4300 1.2800 1.0800 0.9200 0.8500 0.7600 0.6500 0.5200 0.3700 0.2000
0.0000 0.0000 0.0000 0.0000 0.0000 0.0000 0.0000 0.0000 0.0000 0.0000 0.0000 0.0000 0.0000 0.0000 0.1600 0.3300 0.4800 0.6100 0.7200 0.8100 0.8800 1.1200 1.3200 1.4800 1.6000 1.6800 1.7200 1.7200 1.6800 1.6000 1.4800 1.3200 1.1200 0.9100 0.8400 0.7500 0.6400 0.5100 0.3600 0.1900
0.0000 0.0000 0.0000 0.0000 0.0000 0.0000 0.0000 0.0000 0.0000 0.0000 0.0000 0.0000 0.0000 0.0000 0.1900 0.3600 0.5100 0.6400 0.7500 0.8400 0.9100 1.1200 1.3200 1.4800 1.6000 1.6800 1.7200 1.7200 1.6800 1.6000 1.4800 1.3200 1.1200 0.8800 0.8100 0.7200 0.6100 0.4800 0.3300 0.1600
0.0000 0.0000 0.0000 0.0000 0.0000 0.0000 0.0000 0.0000 0.0000 0.0000 0.0000 0.0000 0.0000 0.0100 0.2000 0.3700 0.5200 0.6500 0.7600 0.8500 0.9200 1.0800 1.2800 1.4400 1.5600 1.6400 1.6800 1.6800 1.6400 1.5600 1.4400 1.2800 1.0800 0.8678 0.7600 0.6700 0.5600 0.4300 0.2800 0.1100
0.0000 0.0000 0.0000 0.0000 0.0000 0.0000 0.0000 0.0000 0.0000 0.0000 0.0000 0.0000 0.0000 0.0000 0.1900 0.3600 0.5100 0.6400 0.7500 0.8400 0.9100 1.0000 1.2000 1.3600 1.4800 1.5600 1.6000 1.6000 1.5600 1.4800 1.4433 1.4222 1.3056 1.0933 0.9956 0.8222 0.5733 0.3600 0.2100 0.0400
0.0000 0.0000 0.0000 0.0000 0.0000 0.0000 0.0000 0.0000 0.0000 0.0000 0.0000 0.0000 0.0000 0.0000 0.1600 0.3300 0.4800 0.6100 0.7200 0.8100 0.8800 0.9300 1.0800 1.2400 1.3600 1.4400 1.4800 1.4800 1.4400 1.4989 1.5733 1.5522 1.4356 1.2533 1.1556 0.9822 0.7333 0.4089 0.1200 0.0000
0.0000 0.0000 0.0000 0.0000 0.0000 0.0000 0.0000 0.0000 0.0000 0.0000 0.0000 0.0000 0.0000 0.0000 0.1100 0.2800 0.4300 0.5600 0.6700 0.7600 0.8300 0.8800 0.9200 1.0800 1.2000 1.2800 1.3200 1.3200 1.3633 1.5333 1.6078 1.5867 1.4700 1.3378 1.2400 1.0667 0.8178 0.4933 0.0933 0.0000
0.0000 0.0000 0.0000 0.0000 0.0000 0.0000 0.0000 0.0000 0.0000 0.0000 0.0000 0.0000 0.0000 0.0000 0.0400 0.2100 0.3600 0.4900 0.6000 0.6900 0.7600 0.8100 0.8400 0.8800 1.0000 1.0800 1.1200 1.1200 1.3022 1.4722 1.5467 1.5256 1.4089 1.3467 1.2489 1.0756 0.8267 0.5022 0.2222 0.0400
0.0000 0.0000 0.0000 0.0000 0.0000 0.0000 0.0000 0.0000 0.0000 0.0000 0.0000 0.0000 0.0000 0.0000 0.0000 0.1200 0.2700 0.4000 0.5100 0.6000 0.6700 0.7200 0.7500 0.7600 0.7600 0.8400 0.8800 0.8800 1.1456 1.3156 1.3900 1.3689 1.3022 1.2800 1.1822 1.0089 0.7600 0.5656 0.4256 0.2100
0.0000 0.0000 0.0000 0.0000 0.0000 0.0000 0.0000 0.0000 0.0000 0.0000 0.0000 0.0000 0.0000 0.0000 0.0000 0.0100 0.1600 0.2900 0.4000 0.4900 0.5600 0.6100 0.6400 0.6500 0.6400 0.6100 0.6000 0.6278 0.8933 1.0633 1.1378 1.1167 1.1600 1.1378 1.0400 0.9167 0.8078 0.7433 0.6033 0.3878
0.0000 0.0000 0.0000 0.0000 0.0000 0.0000 0.0000 0.0000 0.0000 0.0000 0.0000 0.0000 0.0000 0.0000 0.0000 0.0000 0.0300 0.1600 0.2700 0.3600 0.4300 0.4800 0.5100 0.5200 0.5100 0.4800 0.4300 0.3600 0.5756 0.7156 0.7900 0.8889 0.9722 1.0000 0.9722 0.8989 0.9100 0.8456 0.7056 0.4900
0.0000 0.0000 0.0000 0.0000 0.0000 0.0000 0.0000 0.0000 0.0000 0.0000 0.0000 0.0000 0.0000 0.0000 0.0000 0.0000 0.0000 0.0100 0.1200 0.2100 0.2800 0.3300 0.3600 0.3700 0.3600 0.3300 0.2800 0.2100 0.3422 0.4822 0.6667 0.8056 0.8889 0.9167 0.8889 0.9256 0.9367 0.8722 0.7322 0.6000
0.0000 0.0000 0.0000 0.0000 0.0000 0.0000 0.0000 0.0000 0.0000 0.0000 0.0000 0.0000 0.0000 0.0000 0.0000 0.0000 0.0000 0.0000 0.0000 0.0400 0.1100 0.1600 0.1900 0.2000 0.1900 0.1600 0.1100 0.0400 0.0833 0.3333 0.5278 0.6667 0.7500 0.7778 0.7900 0.8767 0.8878 0.8233 0.6833 0.6900
