0.0000 0.0000 0.0000 0.0000 0.0000 0.0000 0.0000 0.0000 0.0000 0.0000 0.0000 0.0000 0.0000 0.0000 0.0000 0.0000 0.0000 0.0000 0.0000 0.0000 0.0100 0.1200 0.2100 0.2800 0.3300 0.3600 0.3700 0.3600 0.3300 0.2800 0.2100 0.1200 0.0100 0.0000 0.0000 0.0000 0.0000 0.0000 0.0000 0.0000
0.0000 0.0000 0.0000 0.0000 0.0000 0.0000 0.0000 0.0000 0.0000 0.0000 0.0000 0.0000 0.0000 0.0000 0.0000 0.0000 0.0000 0.0000 0.0000 0.0300 0.1600 0.2700 0.3600 0.4300 0.4800 0.5100 0.5200 0.5100 0.4800 0.4300 0.3600 0.2700 0.1600 0.0300 0.0000 0.0000 0.0000 0.0000 0.0000 0.0000
0.0000 0.0000 0.0000 0.0000 0.0000 0.0000 0.0000 0.0000 0.0000 0.0000 0.0000 0.0000 0.0000 0.0000 0.0000 0.0000 0.0000 0.0000 0.0100 0.1600 0.2900 0.4000 0.4900 0.5600 0.6100 0.6400 0.6500 0.6400 0.6100 0.5600 0.4900 0.4000 0.2900 0.1600 0.0100 0.0000 0.0000 0.0000 0.0000 0.0000
0.0000 0.0000 0.0204 0.0000 0.0000 0.0000 0.0000 0.0000 0.0000 0.0000 0.0000 0.0000 0.0000 0.0000 0.0000 0.0000 0.0000 0.0000 0.1200 0.2700 0.4000 0.5100 0.6000 0.6700 0.7200 0.7500 0.7600 0.7500 0.7200 0.6700 0.6000 0.5100 0.4000 0.2700 0.1200 0.0000 0.0000 0.0000 0.0000 0.0000
0.2041 0.2653 0.2857 0.2653 0.2041 0.1020 0.0000 0.0000 0.0000 0.0000 0.0000 0.0000 0.0000 0.0000 0.0000 0.0000 0.0000 0.0400 0.2100 0.3600 0.5056 0.6000 0.6900 0.7600 0.8100 0.8400 0.8500 0.8400 0.8100 0.7600 0.6900 0.6000 0.4900 0.3600 0.2100 0.0400 0.0000 0.0000 0.0000 0.0000
0.4286 0.4898 0.5102 0.4898 0.4286 0.3265 0.1837 0.0000 0.0000 0.0000 0.0000 0.0000 0.0000 0.0000 0.0000 0.0000 0.0000 0.2194 0.4675 0.6644 0.8100 0.9044 0.9475 0.9394 0.8800 0.9100 0.9200 0.9100 0.8800 0.8300 0.7600 0.6700 0.5600 0.4300 0.2800 0.1100 0.0000 0.0000 0.0000 0.0000
0.6122 0.6735 0.6939 0.6735 0.6122 0.5102 0.3673 0.1837 0.0000 0.0000 0.0000 0.0000 0.0000 0.0000 0.0000 0.0625 0.2031 0.4725 0.7206 0.9175 1.0631 1.1575 1.2006 1.1925 1.1331 1.0225 0.9700 0.9600 0.9300 0.8800 0.8100 0.7200 0.6100 0.4800 0.3300 0.1600 0.0000 0.0000 0.0000 0.0000
0.7551 0.8163 0.8367 0.8163 0.7551 0.6531 0.5102 0.3265 0.1020 0.0000 0.0000 0.0000 0.0000 0.0000 0.0625 0.2344 0.3750 0.6744 0.9225 1.1194 1.2650 1.3594 1.4025 1.3944 1.3350 1.2244 1.0625 0.9900 0.9600 0.9100 0.8400 0.7500 0.6400 0.5100 0.3600 0.1900 0.0000 0.0000 0.0000 0.0000
0.8571 0.9184 0.9388 0.9184 0.8571 0.7551 0.6122 0.4286 0.2041 0.0000 0.0000 0.0000 0.0000 0.0000 0.2031 0.3750 0.5256 0.8250 1.0731 1.2700 1.4156 1.5100 1.5531 1.5450 1.4856 1.3750 1.2031 1.0000 0.9700 0.9200 0.8500 0.7600 0.6500 0.5200 0.3700 0.2000 0.0100 0.0000 0.0000 0.0000
0.9184 0.9796 1.0000 0.9796 0.9184 0.8163 0.6735 0.4898 0.2653 0.0000 0.0000 0.0000 0.0000 0.1094 0.3125 0.4844 0.6250 0.9244 1.1725 1.3694 1.5150 1.6094 1.6525 1.6444 1.5850 1.4744 1.3125 1.0994 0.9600 0.9100 0.8400 0.7500 0.6400 0.5100 0.3600 0.1900 0.0000 0.0000 0.0000 0.0000
0.9388 1.0000 1.0204 1.0000 0.9388 0.8367 0.6939 0.5102 0.2857 0.0204 0.0000 0.0000 0.0000 0.1875 0.3906 0.5625 0.7031 0.9725 1.2206 1.4175 1.5631 1.6575 1.7006 1.6925 1.6331 1.5225 1.3606 1.1475 0.9300 0.8800 0.8100 0.7200 0.6100 0.4800 0.3300 0.1600 0.0000 0.0000 0.0000 0.0000
0.9184 0.9796 1.0000 0.9796 0.9184 0.8163 0.6735 0.4898 0.2653 0.0000 0.0000 0.0000 0.0000 0.2344 0.4375 0.6094 0.7500 0.9694 1.2175 1.4144 1.5600 1.6544 1.6975 1.6894 1.6300 1.5194 1.3575 1.1444 0.8800 0.8300 0.7600 0.6700 0.5600 0.4300 0.2800 0.1100 0.0000 0.0000 0.0000 0.0000
0.8571 0.9184 0.9388 0.9184 0.8571 0.7551 0.6122 0.4286 0.2041 0.0000 0.0000 0.0000 0.0156 0.2500 0.4531 0.6250 0.7656 0.9150 1.1631 1.3600 1.5056 1.6000 1.6431 1.6350 1.5756 1.4650 1.3031 1.0900 0.8256 0.7600 0.6900 0.6000 0.4900 0.3600 0.2100 0.0400 0.0000 0.0000 0.0000 0.0000
0.7551 0.8163 0.8367 0.8163 0.7551 0.6531 0.5102 0.3265 0.1020 0.0000 0.0000 0.0000 0.0000 0.2344 0.4375 0.6094 0.7500 0.8594 1.0575 1.2544 1.4000 1.4944 1.5375 1.5294 1.4700 1.3594 1.1975 0.9844 0.7200 0.6700 0.6000 0.5100 0.4000 0.2700 0.1200 0.0000 0.0000 0.0000 0.0000 0.0000
0.6122 0.6735 0.6939 0.6735 0.6122 0.5102 0.3673 0.1837 0.0000 0.0000 0.0000 0.0000 0.0000 0.1875 0.3906 0.5625 0.7031 0.8525 0.9006 1.0975 1.2431 1.3375 1.3806 1.3725 1.3131 1.2025 1.0406 0.8275 0.6100 0.5600 0.4900 0.4000 0.2900 0.1600 0.0100 0.0000 0.0000 0.0000 0.0000 0.0000
0.4286 0.4898 0.5102 0.4898 0.4286 0.3265 0.1837 0.0000 0.0000 0.0000 0.0000 0.0000 0.0000 0.1094 0.3525 0.7244 0.9850 1.1344 1.1725 1.1294 1.0750 1.1294 1.1725 1.1644 1.1050 0.9944 0.8325 0.6194 0.4800 0.4300 0.3600 0.2700 0.1600 0.0300 0.0000 0.0000 0.0000 0.0000 0.0000 0.0000
0.2041 0.2653 0.2857 0.2653 0.2041 0.1020 0.0000 0.0000 0.0000 0.0000 0.0000 0.0000 0.0000 0.0400 0.5231 0.8950 1.1556 1.3050 1.3431 1.2700 1.0956 0.9100 0.9131 0.9050 0.8456 0.7350 0.5731 0.3600 0.3300 0.2800 0.2100 0.1200 0.0100 0.0000 0.0000 0.0000 0.0000 0.0000 0.0000 0.0000
0.0000 0.0000 0.0204 0.0000 0.0000 0.0000 0.0000 0.0000 0.0000 0.0000 0.0000 0.0000 0.0000 0.2400 0.5825 0.9544 1.2150 1.3644 1.4025 1.3294 1.1450 0.8494 0.6025 0.5944 0.5350 0.4244 0.2625 0.1900 0.1600 0.1100 0.0400 0.0000 0.0000 0.0000 0.0000 0.0000 0.0000 0.0000 0.0000 0.0000
0.0000 0.0000 0.0000 0.0000 0.0000 0.0000 0.0000 0.0100 0.0000 0.0000 0.0000 0.0000 0.0000 0.3600 0.6400 0.9025 1.1631 1.3125 1.3506 1.2775 1.0931 0.7975 0.3906 0.3125 0.2031 0.0625 0.0100 0.0000 0.0000 0.0000 0.0000 0.0000 0.0000 0.0000 0.0000 0.0000 0.0000 0.0000 0.0278 0.0000
0.0000 0.0000 0.0000 0.0400 0.1100 0.1600 0.1900 0.2000 0.1900 0.1600 0.1100 0.0400 0.0400 0.4000 0.6800 0.8800 1.0000 1.1494 1.1875 1.1144 0.9300 0.6344 0.2275 0.1094 0.0000 0.0000 0.0000 0.0000 0.0000 0.0000 0.0000 0.0000 0.0000 0.0000 0.0000 0.0833 0.2222 0.3056 0.3333 0.3056
0.0000 0.0100 0.1200 0.2100 0.2800 0.3300 0.3600 0.3700 0.3600 0.3300 0.2800 0.2100 0.1200 0.3700 0.6400 0.8400 0.9600 1.0000 0.9600 0.8400 0.6556 0.3600 0.0000 0.0000 0.0000 0.0000 0.0000 0.0000 0.0000 0.0000 0.0000 0.0000 0.0000 0.0000 0.1389 0.3333 0.4722 0.5556 0.5833 0.5556
0.0300 0.1600 0.2700 0.3600 0.4300 0.4800 0.5100 0.5200 0.5100 0.4800 0.4300 0.3600 0.2700 0.4000 0.5500 0.7200 0.8400 0.8800 0.8400 0.7200 0.5200 0.2400 0.0000 0.0000 0.0000 0.0000 0.0000 0.0000 0.0000 0.0000 0.0000 0.0000 0.0000 0.0833 0.3333 0.5278 0.6667 0.7500 0.7778 0.7500
0.1600 0.2900 0.4000 0.4900 0.5600 0.6100 0.6400 0.6500 0.6400 0.6100 0.5600 0.4900 0.4000 0.3300 0.4800 0.5300 0.6400 0.6800 0.6400 0.5200 0.3200 0.0400 0.0000 0.0000 0.0000 0.0000 0.0000 0.0000 0.0000 0.0000 0.0000 0.0000 0.0000 0.2222 0.4722 0.6667 0.8056 0.8889 0.9167 0.8889
0.2700 0.4000 0.5100 0.6000 0.6700 0.7200 0.7500 0.7600 0.7500 0.7200 0.6700 0.6000 0.5100 0.4000 0.3100 0.3600 0.3600 0.4000 0.3600 0.2400 0.0400 0.0000 0.0000 0.0000 0.0000 0.0000 0.0000 0.0000 0.0000 0.0000 0.0000 0.0000 0.0000 0.3056 0.5556 0.7500 0.8889 0.9722 1.0000 0.9722
0.3600 0.4900 0.6000 0.6900 0.7600 0.8100 0.8400 0.8500 0.8400 0.8100 0.7600 0.6900 0.6000 0.4900 0.3600 0.2100 0.0400 0.0400 0.0000 0.0000 0.0000 0.0000 0.0000 0.0000 0.0000 0.0000 0.0000 0.0000 0.0000 0.0000 0.0000 0.0000 0.0278 0.3333 0.5833 0.7778 0.9167 1.0000 1.0278 1.0000
0.4300 0.5600 0.6700 0.7600 0.8300 0.8800 0.9100 0.9200 0.9100 0.8800 0.8300 0.7600 0.6700 0.5600 0.4300 0.2800 0.1100 0.0000 0.0000 0.0000 0.0000 0.0000 0.0000 0.0000 0.0000 0.0000 0.0000 0.0000 0.0000 0.0000 0.0000 0.0000 0.0000 0.3056 0.5556 0.7500 0.8889 0.9722 1.0000 0.9722
0.4800 0.6100 0.7200 0.8100 0.8800 0.9300 0.9600 0.9700 0.9600 0.9300 0.8800 0.8100 0.7200 0.6100 0.4800 0.3300 0.1600 0.0000 0.0000 0.0000 0.0000 0.0000 0.0000 0.0000 0.0000 0.0000 0.0000 0.0000 0.0156 0.0000 0.0000 0.0000 0.0000 0.2222 0.4722 0.6667 0.8056 0.8889 0.9167 0.8889
0.5100 0.6400 0.7500 0.8400 0.9100 0.9600 0.9900 1.0000 0.9900 0.9600 0.9100 0.8400 0.7500 0.6400 0.5100 0.3600 0.1900 0.0000 0.0000 0.0000 0.0000 0.0000 0.0000 0.0000 0.0000 0.1094 0.1875 0.2344 0.2500 0.2344 0.1875 0.1094 0.0000 0.0833 0.3333 0.5278 0.6667 0.7500 0.7778 0.7500
0.5200 0.6500 0.7600 0.8500 0.9200 0.9700 1.0000 1.0100 1.0000 0.9700 0.9200 0.8500 0.7600 0.6500 0.5200 0.3700 0.2000 0.0100 0.0000 0.0000 0.0000 0.0000 0.0000 0.0829 0.2031 0.3125 0.3906 0.4375 0.4531 0.4375 0.3906 0.3125 0.2031 0.0625 0.1389 0.3333 0.4722 0.5556 0.5833 0.5556
0.5100 0.6400 0.7500 0.8400 0.9100 0.9600 0.9900 1.0000 0.9900 0.9600 0.9100 0.8400 0.7500 0.6400 0.5100 0.3600 0.1900 0.0000 0.0000 0.0000 0.1020 0.2041 0.3278 0.5201 0.6403 0.6885 0.6645 0.6094 0.6250 0.6094 0.5625 0.4844 0.3750 0.2344 0.0625 0.0833 0.2222 0.3056 0.3333 0.3056
0.4800 0.6100 0.7200 0.8100 0.8800 0.9300 0.9600 0.9700 0.9600 0.9300 0.8800 0.8100 0.7200 0.6100 0.4800 0.3300 0.1600 0.0000 0.0000 0.1837 0.3265 0.4286 0.6929 0.8852 1.0054 1.0536 1.0297 0.9337 0.7656 0.7500 0.7031 0.6250 0.5156 0.3750 0.2031 0.0000 0.0000 0.0000 0.0278 0.0000
0.4300 0.5600 0.6700 0.7600 0.8300 0.8800 0.9100 0.9200 0.9100 0.8800 0.8300 0.7600 0.6700 0.5600 0.4300 0.2800 0.1100 0.0204 0.1837 0.3673 0.5102 0.7216 0.9860 1.1783 1.2985 1.3466 1.3227 1.2267 1.0587 0.8594 0.8125 0.7344 0.6250 0.4844 0.3125 0.1094 0.0000 0.0000 0.0000 0.0000
0.3600 0.4900 0.6000 0.6900 0.7600 0.8100 0.8400 0.8500 0.8400 0.8100 0.7600 0.6900 0.6000 0.4900 0.4620 0.4141 0.3053 0.3878 0.5918 0.7143 0.7551 0.9426 1.2070 1.3992 1.5195 1.5676 1.5437 1.4477 1.2797 1.0395 0.8906 0.8125 0.7031 0.5625 0.3906 0.1875 0.0000 0.0000 0.0000 0.0000
0.2700 0.4000 0.5100 0.6000 0.6700 0.7200 0.7500 0.7600 0.7500 0.7200 0.6700 0.6000 0.5100 0.5837 0.5965 0.5486 0.4898 0.7143 0.9184 1.0408 1.0816 1.2752 1.3559 1.5482 1.6684 1.7165 1.6926 1.5966 1.4286 1.1885 0.9375 0.8594 0.7500 0.6094 0.4375 0.2344 0.0000 0.0000 0.0000 0.0000
0.1600 0.2900 0.4000 0.4900 0.5600 0.6100 0.6400 0.6500 0.6400 0.6100 0.5600 0.4900 0.5837 0.6573 0.6702 0.6222 0.6735 0.9592 1.1633 1.2857 1.3422 1.5357 1.6164 1.6250 1.7452 1.7934 1.7695 1.6735 1.5054 1.2653 0.9531 0.8750 0.7656 0.6250 0.4531 0.2500 0.0156 0.0000 0.0000 0.0000
0.0300 0.1600 0.2700 0.3600 0.4300 0.4800 0.5100 0.5200 0.5100 0.4800 0.4300 0.4620 0.5965 0.6702 0.6831 0.7551 0.8367 1.1224 1.3265 1.4490 1.4898 1.6834 1.7640 1.7114 1.7500 1.7982 1.7742 1.6783 1.5102 1.2701 0.9579 0.8594 0.7500 0.6094 0.4375 0.2344 0.0000 0.0000 0.0000 0.0000
0.0000 0.0100 0.1200 0.2100 0.2800 0.3300 0.3600 0.3700 0.3600 0.3300 0.2800 0.4141 0.5486 0.6222 0.7551 0.8571 0.9184 1.2041 1.4082 1.5306 1.5714 1.7181 1.7988 1.7666 1.6827 1.7309 1.7070 1.6110 1.4429 1.2028 0.8906 0.8125 0.7031 0.5625 0.3906 0.1875 0.0000 0.0000 0.0000 0.0000
0.0000 0.0000 0.0000 0.0400 0.1100 0.1600 0.1900 0.2000 0.1900 0.1600 0.1100 0.3053 0.4898 0.6735 0.8163 0.9184 0.9796 1.2041 1.4082 1.5306 1.5714 1.6400 1.7207 1.6885 1.5434 1.5915 1.5676 1.4716 1.3036 1.0635 0.8125 0.7344 0.6250 0.4844 0.3125 0.1094 0.0000 0.0000 0.0000 0.0000
0.0000 0.0000 0.0000 0.0000 0.0000 0.0000 0.0000 0.0100 0.0000 0.0000 0.0204 0.2857 0.5102 0.6939 0.8367 0.9388 1.0000 1.1224 1.3265 1.4490 1.4898 1.4490 1.5297 1.4974 1.3524 1.3801 1.3562 1.2602 1.0922 0.8520 0.7031 0.6250 0.5156 0.3750 0.2031 0.0000 0.0000 0.0000 0.0000 0.0000
0.0000 0.0000 0.0000 0.0000 0.0000 0.0000 0.0000 0.0000 0.0000 0.0000 0.0000 0.2653 0.4898 0.6735 0.8163 0.9184 0.9796 1.0000 1.1633 1.2857 1.3265 1.2857 1.2258 1.1936 1.0485 1.0966 1.0727 0.9767 0.8087 0.6094 0.5625 0.4844 0.3750 0.2344 0.0625 0.0000 0.0000 0.0000 0.0000 0.0000
