0.0000 0.0000 0.0000 0.0000 0.0000 0.0000 0.0000 0.0000 0.0000 0.0000 0.0000 0.0000 0.0000 0.0000 0.0000 0.0833 0.3333 0.5278 0.6667 0.7500 0.7778 0.7500 0.6667 0.5278 0.3333 0.0833 0.0000 0.0000 0.0000 0.0000 0.0000 0.0000 0.0000 0.0000 0.0000 0.0000 0.0000 0.0000 0.0000 0.0000
0.0000 0.0000 0.0000 0.0000 0.0000 0.0000 0.0000 0.0000 0.0000 0.0000 0.0000 0.0000 0.0000 0.0000 0.0000 0.2222 0.4722 0.6667 0.8056 0.8889 0.9167 0.8889 0.8056 0.6667 0.4722 0.2222 0.0000 0.0000 0.0000 0.0000 0.0000 0.0000 0.0000 0.0000 0.0000 0.0000 0.0000 0.0000 0.0000 0.0000
0.0000 0.0000 0.0000 0.0000 0.0000 0.0000 0.0000 0.0000 0.0000 0.0000 0.0000 0.0156 0.0000 0.0000 0.0000 0.3056 0.5556 0.7500 0.8889 0.9722 1.0000 0.9722 0.8889 0.7500 0.5556 0.3056 0.0000 0.0000 0.0000 0.0000 0.0000 0.0000 0.0000 0.0000 0.0000 0.0000 0.0000 0.0000 0.0000 0.0000
0.0000 0.0000 0.0000 0.0000 0.0000 0.0000 0.0000 0.0000 0.1094 0.1875 0.2344 0.2500 -0.2656 -0.3125 -0.3628 -0.1667 0.0833 0.2778 0.4167 0.5000 0.5278 1.0000 0.9167 0.7778 0.5833 0.3333 0.0278 0.0000 0.0000 0.0000 0.0000 0.0000 0.0000 0.0000 0.0000 0.0000 0.0000 0.0000 0.0000 0.0000
0.0000 0.0000 0.0000 0.0000 0.0000 0.0000 0.0625 0.2031 0.3125 0.3906 0.4375 0.4531 -0.0625 -0.1094 -0.1875 0.0087 0.1181 0.2500 0.3889 0.4722 0.5000 0.9722 0.8889 0.7500 0.5556 0.3056 0.0000 0.0000 0.0000 0.0000 0.0000 0.0000 0.0000 0.0000 0.0000 0.0000 0.0000 0.0000 0.0000 0.0000
0.0000 0.0000 0.0000 0.0000 0.0000 0.0625 0.2344 0.3750 0.4844 0.5625 0.6094 0.6250 0.1094 0.0625 -0.0156 0.0972 0.2066 0.2292 0.3056 0.3889 0.4167 0.8889 0.8056 0.6667 0.4722 0.2222 0.0000 0.0000 0.0000 0.0000 0.0000 0.0000 0.0000 0.0000 0.0000 0.0000 0.0000 0.0000 0.0000 0.0000
0.0000 0.0000 0.0000 0.0000 0.0000 0.2031 0.3750 0.5156 0.6250 0.7031 0.7500 0.7656 0.2500 0.2031 0.1250 0.0990 0.2083 0.2309 0.1667 0.2500 0.2778 0.7500 0.6667 0.5278 0.3333 0.0833 0.0000 0.0000 0.0000 0.0000 0.0000 0.0000 0.0000 0.0000 0.0000 0.0000 0.0000 0.0000 0.0000 0.0000
0.0000 0.0000 0.0000 0.0000 0.1094 0.3125 0.4844 0.6250 0.7344 0.8125 0.8594 0.8750 0.3594 0.3125 0.2344 0.1250 0.1233 0.1458 0.0816 0.0556 0.0833 0.5556 0.4722 0.3333 0.1389 0.0000 0.0000 0.0000 0.0000 0.0000 0.0000 0.0000 0.0000 0.0000 0.0000 0.0000 0.0000 0.0000 0.0000 0.0000
0.0000 0.0000 0.0000 0.0000 0.1875 0.3906 0.5625 0.7031 0.8125 0.8906 0.9375 0.9531 0.4375 0.3906 0.3125 0.2031 0.0625 -0.0260 -0.0903 -0.1944 -0.1667 0.3056 0.2222 0.0833 0.0000 0.0000 0.0000 0.0000 0.0000 0.0000 0.0000 0.0000 0.0000 0.0000 0.0000 0.0000 0.0000 0.0000 0.0000 0.0000
0.0000 0.0000 0.0000 0.0000 0.2344 0.4375 0.6094 0.7500 0.8594 0.9375 0.9844 1.0000 0.4844 0.4375 0.3594 0.2500 0.1094 -0.0625 -0.2656 -0.5000 -0.4722 0.0000 0.0000 0.0000 0.0000 0.0000 0.0000 0.0000 0.0000 0.0000 0.0000 0.0000 0.0000 0.0000 0.0000 0.0000 0.0000 0.0000 0.0000 0.0000
0.0000 0.0000 0.0000 0.0156 0.2500 0.4531 0.6250 0.7656 0.8750 0.9531 1.0000 1.0156 0.5000 0.4531 0.3750 0.2656 0.1250 -0.0469 -0.2500 -0.4844 -0.5000 0.0000 0.0000 0.0000 0.0000 0.0000 0.0000 0.0000 0.0000 0.0000 0.0000 0.0000 0.0000 0.0000 0.0000 0.0000 0.0000 0.0000 0.0000 0.0000
0.0000 0.0000 0.0000 0.0000 0.2344 0.4375 0.6094 0.7500 0.8594 0.9375 0.9844 1.0000 0.4844 0.4375 0.3594 0.2500 0.1094 -0.0625 -0.2656 -0.5000 -0.5000 0.0000 0.0000 0.0000 0.0000 0.0000 0.0000 0.0000 0.0000 0.0000 0.0000 0.0000 0.0000 0.0000 0.0000 0.0000 0.0000 0.0000 0.0000 0.0000
0.0000 0.0000 0.0000 0.0000 0.1875 0.3906 0.5625 0.7031 0.8125 0.8906 0.9375 0.9531 0.9375 0.8906 0.8125 0.7031 0.5625 0.3906 0.1875 0.0000 0.0000 0.0000 0.0000 0.0000 0.0000 0.0000 0.0000 0.0000 0.0000 0.0000 0.0000 0.0000 0.0000 0.0000 0.0000 0.0000 0.0000 0.0000 0.0000 0.0000
0.0000 0.0000 0.0000 0.0000 0.1094 0.3125 0.4844 0.6250 0.7344 0.8125 0.8594 0.8750 0.8594 0.8125 0.7344 0.6250 0.4844 0.3125 0.1094 0.0000 0.0000 0.0000 0.0000 0.0000 0.0000 0.0000 0.0000 0.0000 0.0000 0.0000 0.0000 0.0000 0.0000 0.0000 0.0000 0.0000 0.0000 0.0000 0.0000 0.0000
0.0000 0.0000 0.0000 0.0000 0.0000 0.2031 0.3750 0.5156 0.6250 0.7031 0.7500 0.7656 0.7500 0.7031 0.6250 0.5156 0.3750 0.2188 0.0000 0.0000 0.0000 0.0000 0.0000 0.0000 0.0000 0.0000 0.0000 0.0000 0.0000 0.0000 0.0000 0.0000 0.0000 0.0000 0.0000 0.0000 0.0000 0.0000 0.0000 0.0000
0.0000 0.0000 0.0000 0.0000 0.0000 0.0625 0.2344 0.3750 0.4844 0.5625 0.6094 0.6250 0.6094 0.5625 0.5938 0.5625 0.4688 0.3125 0.2344 0.1875 0.1094 0.0000 0.0000 0.0000 0.0000 0.0000 0.0000 0.0000 0.0000 0.0000 0.0000 0.0000 0.0000 0.0000 0.0000 0.0000 0.0000 0.0000 0.0000 0.0000
0.0000 0.0000 0.0000 0.0000 0.0000 0.0000 0.0625 0.2031 0.3125 0.3906 0.4375 0.4531 0.5000 0.5938 0.6250 0.5938 0.5000 0.4531 0.4375 0.3906 0.3125 0.2031 0.0625 0.0000 0.0000 0.0000 0.0000 0.0000 0.0000 0.0000 0.0000 0.0000 0.0000 0.0000 0.0000 0.0000 0.0000 0.0000 0.0000 0.0000
0.0000 0.0000 0.0000 0.0000 0.0000 0.0000 0.0000 0.0000 0.1094 0.1875 0.2344 0.3125 0.4688 0.5625 0.5938 0.5625 0.6094 0.6250 0.6094 0.5625 0.4844 0.3750 0.2344 0.0625 0.0000 0.0000 0.0000 0.0000 0.0000 0.0000 0.0000 0.0000 0.0000 0.0000 0.0000 0.0000 0.0000 0.0000 0.0000 0.0000
0.0000 0.0000 0.0000 0.0000 0.0000 0.0000 0.0000 0.0000 0.0000 0.0000 0.0000 0.2188 0.3750 0.5156 0.6250 0.7031 0.7500 0.7656 0.7623 0.7031 0.6250 0.5156 0.3750 0.2031 0.0000 0.0000 0.0000 0.0000 0.0000 0.0000 0.0000 0.0000 0.0000 0.0000 0.0000 0.0000 0.0000 0.0000 0.0000 0.0000
0.0000 0.0000 0.0000 0.0000 0.0000 0.0000 0.0000 0.0000 0.0000 0.0000 0.1094 0.3125 0.4844 0.6250 0.7591 0.9236 1.0322 1.0849 1.0816 1.0224 0.9072 0.7361 0.5091 0.3125 0.1094 0.0000 0.0000 0.0000 0.0000 0.0000 0.0000 0.0000 0.0000 0.0000 0.0000 0.0000 0.0000 0.0000 0.0000 0.0000
0.0000 0.0000 0.0000 0.0000 0.0000 0.0000 0.0000 0.0000 0.0000 0.0000 0.1875 0.3906 0.5625 0.8019 1.0224 1.1869 1.2955 1.3482 1.3449 1.2857 1.1705 0.9994 0.7724 0.4894 0.1875 0.0000 0.0000 0.0000 0.0000 0.0000 0.0000 0.0000 0.0000 0.0000 0.0000 0.0000 0.0000 0.0000 0.0000 0.0000
0.0000 0.0000 0.0000 0.0000 0.0000 0.0000 0.0000 0.0000 0.0000 0.0000 0.2344 0.4375 0.7328 1.0093 1.2297 1.3943 1.5029 1.5556 1.5523 1.4931 1.3779 1.2068 0.9797 0.6968 0.3578 0.0000 0.0000 0.0000 0.0000 0.0123 0.0000 0.0000 0.0000 0.0000 0.0000 0.0000 0.0000 0.0000 0.0000 0.0000
0.0000 0.0000 0.0000 0.0000 0.0000 0.0000 0.0000 0.0000 0.0000 0.0156 0.2500 0.5519 0.8843 1.1607 1.3812 1.5457 1.6543 1.7070 1.7037 1.6445 1.5293 1.3582 1.1312 0.8482 0.5093 0.1391 0.1111 0.1728 0.2099 0.2222 0.2099 0.1728 0.1111 0.0247 0.0000 0.0000 0.0000 0.0000 0.0000 0.0000
0.0000 0.0000 0.0000 0.0000 0.0000 0.0000 0.0000 0.0000 0.0000 0.0000 0.2591 0.6474 0.9797 1.2562 1.4767 1.6412 1.7498 1.8025 1.7992 1.7400 1.6248 1.4537 1.2267 0.9437 0.7035 0.4198 0.3210 0.3580 0.3951 0.4074 0.3951 0.3580 0.2963 0.2099 0.0988 0.0000 0.0000 0.0000 0.0000 0.0000
0.0000 0.0000 0.0000 0.0000 0.0000 0.0000 0.0000 0.0000 0.0000 0.0000 0.2986 0.6869 1.0193 1.2957 1.5162 1.6807 1.7894 1.8420 1.8387 1.7795 1.6644 1.4932 1.2662 1.1067 0.9035 0.6667 0.5679 0.5185 0.5556 0.5679 0.5556 0.5185 0.4568 0.3704 0.2870 0.1235 0.0000 0.0000 0.0000 0.0000
0.0000 0.0000 0.0000 0.0000 0.0000 0.0000 0.0000 0.0000 0.0000 0.0000 0.2822 0.6705 1.0029 1.2793 1.4998 1.6644 1.7730 1.8256 1.8223 1.7631 1.6480 1.4769 1.3486 1.2261 1.0230 0.8642 0.7654 0.6543 0.6914 0.7037 0.6914 0.7377 0.8148 0.8117 0.7284 0.5648 0.3210 0.0833 0.0000 0.0000
0.0000 0.0000 0.0000 0.0000 0.0000 0.0000 0.0000 0.0000 0.0000 0.0000 0.2099 0.5982 0.9306 1.2070 1.4275 1.5920 1.7006 1.7533 1.7500 1.6908 1.5756 1.4292 1.3873 1.2649 1.0617 1.0123 0.9136 0.7654 0.8025 0.8148 0.9414 1.0988 1.1759 1.1728 1.0895 0.9259 0.6821 0.3580 0.1389 0.0000
0.0000 0.0000 0.0000 0.0000 0.0000 0.0000 0.0000 0.0000 0.0000 0.0123 0.2222 0.4699 0.8023 1.0787 1.2992 1.4637 1.5723 1.6250 1.6094 1.5625 1.4473 1.3873 1.3455 1.2230 1.1605 1.1111 1.0123 0.8642 0.8889 0.9846 1.2222 1.3796 1.4568 1.4537 1.3704 1.2068 0.9630 0.6389 0.3333 0.0833
0.0000 0.0000 0.0000 0.0000 0.0000 0.0000 0.0000 0.0000 0.0000 0.0000 0.2099 0.3951 0.6181 0.8945 1.1150 1.2795 1.3881 1.4408 1.4375 1.3783 1.2631 1.2649 1.2230 1.2099 1.2099 1.1605 1.0617 0.9136 0.9506 1.1852 1.4228 1.5802 1.6574 1.6543 1.5710 1.4074 1.1636 0.8395 0.4722 0.2222
0.0000 0.0000 0.0000 0.0000 0.0000 0.0000 0.0000 0.0000 0.0000 0.0000 0.1728 0.3580 0.5185 0.6543 0.8748 1.0394 1.1480 1.2006 1.1973 1.1381 1.0230 1.0617 1.1605 1.2099 1.2099 1.1605 1.0617 0.9506 0.9877 1.3056 1.5432 1.7006 1.7778 1.7747 1.7014 1.5278 1.2840 0.9599 0.5556 0.3056
0.0000 0.0000 0.0000 0.0000 0.0000 0.0000 0.0000 0.0000 0.0000 0.0000 0.1111 0.2963 0.4568 0.5926 0.7037 0.7901 0.8519 0.9045 0.9012 0.8889 0.8642 1.0123 1.1111 1.1605 1.1605 1.1111 1.0123 0.9630 1.0278 1.3457 1.6233 1.8507 1.9779 2.0048 1.9315 1.7579 1.4841 1.1100 0.6357 0.3333
0.0000 0.0000 0.0000 0.0000 0.0000 0.0000 0.0000 0.0000 0.0000 0.0000 0.0247 0.2099 0.3704 0.5062 0.6173 0.7037 0.7654 0.8025 0.8148 0.8025 0.7654 0.9136 1.0123 1.0617 1.0617 1.0123 0.9136 0.9506 0.9977 1.4256 1.7532 1.9806 2.1078 2.1347 2.0614 1.8878 1.6140 1.2677 0.7656 0.4256
0.0000 0.0000 0.0000 0.0000 0.0000 0.0000 0.0000 0.0000 0.0000 0.0000 0.0000 0.0988 0.2593 0.3951 0.5062 0.5926 0.6543 0.6914 0.7037 0.6914 0.6543 0.7654 0.8642 0.9136 0.9136 0.8642 0.8519 0.9436 1.1106 1.4552 1.7828 2.0102 2.1374 2.1643 2.1743 2.1396 1.9491 1.6028 1.1378 0.7144
0.0000 0.0000 0.0000 0.0000 0.0000 0.0000 0.0000 0.0000 0.0000 0.0000 0.0000 0.0000 0.1235 0.2593 0.3704 0.4568 0.5185 0.5556 0.5679 0.5556 0.5185 0.5679 0.6667 0.7160 0.7160 0.7037 0.8001 1.0519 1.1789 1.3846 1.7122 1.9396 2.0668 2.2326 2.3537 2.3190 2.1285 1.7822 1.3789 0.9556
0.0000 0.0000 0.0000 0.0000 0.0000 0.0000 0.0000 0.0000 0.0000 0.0000 0.0000 0.0000 0.0000 0.0988 0.2099 0.2963 0.3580 0.3951 0.4074 0.3951 0.3580 0.3210 0.4198 0.4691 0.5462 0.8573 1.1837 1.4354 1.5625 1.5648 1.5814 1.7688 1.9793 2.2562 2.3773 2.3426 2.1521 1.8058 1.4889 1.1767
0.0000 0.0000 0.0000 0.0000 0.0000 0.0000 0.0000 0.0000 0.0000 0.0000 0.0000 0.0000 0.0000 0.0000 0.0247 0.1111 0.1728 0.2099 0.2222 0.2099 0.1728 0.1111 0.1235 0.2993 0.7151 1.0662 1.4426 1.6943 1.8214 1.8237 1.7014 1.5377 1.8470 2.1240 2.2451 2.2104 2.0199 1.7600 1.5789 1.4056
0.0000 0.0000 0.0000 0.0000 0.0000 0.0000 0.0000 0.0000 0.0000 0.0000 0.0000 0.0000 0.0000 0.0000 0.0000 0.0000 0.0000 0.0000 0.0123 0.0000 0.0000 0.0000 0.0000 0.3635 0.7793 1.2004 1.5768 1.8285 1.9556 1.9579 1.8356 1.5885 1.6423 1.8359 1.9570 1.9223 1.8522 1.8300 1.7322 1.5589
0.0000 0.0000 0.0000 0.0000 0.0000 0.0000 0.0000 0.0000 0.0000 0.0000 0.0000 0.0000 0.0000 0.0000 0.0000 0.0000 0.0000 0.0000 0.0000 0.0000 0.0000 0.0000 0.0000 0.3600 0.7388 1.2099 1.5863 1.8380 1.9651 1.9674 1.8451 1.6258 1.5596 1.7532 1.8465 1.8767 1.9300 1.9078 1.8100 1.6367
0.0000 0.0000 0.0000 0.0000 0.0000 0.0000 0.0000 0.0000 0.0000 0.0000 0.0000 0.0000 0.0000 0.0000 0.0000 0.0000 0.0000 0.0000 0.0000 0.0000 0.0000 0.0000 0.0400 0.4000 0.6800 1.0947 1.4711 1.7228 1.8499 1.8522 1.7299 1.4828 1.4167 1.5702 1.7500 1.8789 1.9322 1.9100 1.8122 1.6389
0.0000 0.0000 0.0000 0.0000 0.0000 0.0000 0.0000 0.0000 0.0000 0.0000 0.0000 0.0000 0.0000 0.0000 0.0000 0.0000 0.0000 0.0000 0.0000 0.0000 0.0000 0.0000 0.0000 0.3600 0.6500 1.0400 1.3300 1.5200 1.6100 1.6123 1.4900 1.2800 1.1922 1.4722 1.6667 1.8056 1.8589 1.8367 1.7389 1.5656
