0.0000 0.0000 0.0000 0.0000 0.0000 0.0000 0.0000 0.0000 0.0000 0.0000 0.0000 0.0000 0.0000 0.0000 0.0000 0.0000 0.0000 0.0000 0.0000 0.1837 0.3673 0.5102 0.6122 0.6735 0.6939 0.6735 0.6122 0.5102 0.3920 0.3936 0.3704 0.5062 0.6173 0.7037 0.7654 0.8025 0.8148 0.8025 0.7654 0.7037
0.0000 0.0000 0.0000 0.0000 0.0000 0.0000 0.0000 0.0000 0.0000 0.0000 0.0000 0.0000 0.0000 0.0000 0.0000 0.0000 0.0000 0.0000 0.1020 0.3265 0.5102 0.6531 0.7551 0.8163 0.8367 0.8163 0.7551 0.6531 0.6213 0.6228 0.5588 0.5926 0.7037 0.7901 0.8519 0.8889 0.9012 0.8889 0.8519 0.7901
0.0000 0.0000 0.0000 0.0000 0.0000 0.0000 0.0000 0.0000 0.0000 0.0000 0.0000 0.0000 0.0000 0.0000 0.0000 0.0000 0.0000 0.0000 0.2041 0.4286 0.6122 0.7551 0.8571 0.9184 0.9388 0.9184 0.8571 0.7551 0.7851 0.7866 0.7226 0.6543 0.7654 0.8519 0.9136 0.9506 0.9630 0.9506 0.9136 0.8519
0.0000 0.0000 0.0000 0.0000 0.0000 0.0000 0.0000 0.0000 0.0000 0.0000 0.0000 0.0000 0.0000 0.0000 0.0000 0.0000 0.0000 0.0000 0.2653 0.4898 0.6735 0.8163 0.9184 0.9796 1.0000 0.9796 0.9184 0.8163 0.8833 0.8849 0.8209 0.6914 0.8025 0.8889 0.9506 0.9877 1.0000 0.9877 0.9506 0.8889
0.0000 0.0000 0.0000 0.0000 0.0000 0.0000 0.0000 0.0000 0.0000 0.0000 0.0000 0.0000 0.0000 0.0000 0.0000 0.0000 0.0000 0.0204 0.2857 0.5102 0.6939 0.8367 0.9388 1.0000 1.0204 1.0000 0.9388 0.8491 0.9161 0.9176 0.8536 0.7241 0.8148 0.9012 0.9630 1.0000 1.0123 1.0000 0.9630 0.9012
0.0000 0.0000 0.0000 0.0000 0.0000 0.0000 0.0000 0.0000 0.0000 0.0000 0.0000 0.0000 0.0000 0.0000 0.0000 0.0000 0.0000 0.0000 0.2653 0.4898 0.6735 0.8163 0.9184 0.9796 1.0000 0.9796 0.9184 0.8163 0.8833 0.8849 0.8209 0.6914 0.8025 0.8889 0.9506 0.9877 1.0000 0.9877 0.9506 0.8889
0.0000 0.0000 0.0000 0.0000 0.0000 0.0000 0.0000 0.0000 0.0000 0.0000 0.0000 0.0000 0.0000 0.0000 0.0000 0.0000 0.0000 0.0000 0.2041 0.4286 0.6122 0.7551 0.8571 0.9184 0.9388 0.9184 0.8571 0.7551 0.7851 0.7866 0.7226 0.6543 0.7654 0.8519 0.9136 0.9506 0.9630 0.9506 0.9136 0.8519
0.0000 0.0000 0.0000 0.0000 0.0000 0.0000 0.0000 0.0000 0.0000 0.0000 0.0000 0.0000 0.0000 0.0000 0.0000 0.0000 0.0000 0.0000 0.1020 0.3265 0.5102 0.6531 0.7551 0.8163 0.8367 0.8163 0.7551 0.6531 0.6213 0.6228 0.5588 0.5926 0.7037 0.7901 0.8519 0.8889 0.9012 0.8889 0.8519 0.7901
0.0000 0.0000 0.0000 0.0000 0.0000 0.0000 0.0000 0.0000 0.0000 0.0000 0.0000 0.0000 0.0000 0.0000 0.0000 0.0000 0.0000 0.0000 0.0000 0.1837 0.3673 0.5102 0.6122 0.6735 0.6939 0.6735 0.6122 0.5102 0.3920 0.3936 0.3704 0.5062 0.6173 0.7037 0.7654 0.8025 0.8148 0.8025 0.7654 0.7037
0.0000 0.0000 0.0000 0.0000 0.0000 0.0000 0.0000 0.0000 0.0000 0.0000 0.0000 0.0000 0.0000 0.0000 0.0000 0.0000 0.0000 0.0000 0.0000 0.0000 0.1837 0.3265 0.4286 0.4898 0.5102 0.4898 0.4286 0.3265 0.1837 0.0988 0.2593 0.3951 0.5062 0.5926 0.6543 0.6914 0.7037 0.6914 0.6543 0.5926
0.0000 0.0000 0.0000 0.0000 0.0000 0.0000 0.0000 0.0000 0.0000 0.0000 0.0000 0.0000 0.0000 0.0000 0.0000 0.0000 0.0000 0.0000 0.0000 0.0000 0.0000 0.1020 0.2041 0.2653 0.2857 0.2653 0.2041 0.1020 0.0000 0.0000 0.1235 0.2593 0.3704 0.4568 0.5185 0.5556 0.5679 0.5556 0.5185 0.4568
0.0000 0.0000 0.0000 0.0000 0.0000 0.0000 0.0000 0.0000 0.0000 0.0000 0.0000 0.0000 0.0000 0.0000 0.0000 0.0000 0.0000 0.0000 0.0000 0.0000 0.0000 0.0000 0.0000 0.0000 0.0204 0.0000 0.0000 0.0000 0.0000 0.0000 0.0000 0.0988 0.2099 0.2963 0.3580 0.3951 0.4074 0.3951 0.3580 0.2963
0.0000 0.0000 0.0000 0.0000 0.0000 0.0000 0.0000 0.0000 0.0000 0.0000 0.0000 0.0000 0.0000 0.0000 0.0000 0.0000 0.0000 0.0000 0.0000 0.0000 0.0000 0.0000 0.0000 0.0000 0.0000 0.0000 0.0000 0.0000 0.0000 0.0000 0.0000 0.0000 0.0247 0.1111 0.1728 0.2099 0.2222 0.2099 0.1728 0.1111
0.0000 0.0000 0.0000 0.0000 0.0000 0.0000 0.0000 0.0000 0.0000 0.0000 0.0000 0.0000 0.0000 0.0000 0.0000 0.0000 0.0000 0.0000 0.0000 0.0000 0.0000 0.0000 0.0000 0.0000 0.0000 0.0000 0.0000 0.0000 0.0000 0.0000 0.0000 0.0000 0.0000 0.0000 0.0000 0.0000 0.0123 0.0000 0.0000 0.0000
0.0000 0.0000 0.0000 0.0000 0.0000 0.0000 0.0000 0.0000 0.0000 0.0000 0.0000 0.0000 0.0000 0.0000 0.0000 0.0000 0.0000 0.0000 0.0000 0.0000 0.0000 0.0000 0.0000 0.0000 0.0000 0.0000 0.0000 0.0000 0.0000 0.0000 0.0000 0.0000 0.0000 0.0000 0.0000 0.0000 0.0000 0.0000 0.0000 0.0000
0.0000 0.0000 0.0000 0.0000 0.0000 0.0000 0.0000 0.0000 0.0000 0.0000 0.0000 0.0000 0.0000 0.0000 0.0000 0.0000 0.0000 0.0000 0.0000 0.0000 0.0000 0.0000 0.0000 0.0000 0.0000 0.0000 0.0000 0.0000 0.0000 0.0000 0.0000 0.0000 0.0000 0.0000 0.0000 0.0000 0.0000 0.0000 0.0000 0.0000
0.0000 0.0000 0.0000 0.0000 0.0000 0.0000 0.0000 0.0000 0.0000 0.0000 0.0000 0.0000 0.0000 0.0000 0.0000 0.0000 0.0000 0.0000 0.0000 0.0000 0.0000 0.0000 0.0000 0.0000 0.0000 0.0000 0.0000 0.0000 0.0000 0.0000 0.0000 0.0000 0.0000 0.0000 0.0000 0.0000 0.0000 0.0000 0.0000 0.0000
0.0000 0.0000 0.0000 0.0000 0.0000 0.0000 0.0000 0.0000 0.0000 0.0000 0.0000 0.0000 0.0000 0.0000 0.0000 0.0000 0.0000 0.0000 0.0000 0.0000 0.0000 0.0000 0.0000 0.0000 0.0000 0.0000 0.0000 0.0000 0.0000 0.0000 0.0000 0.0000 0.0000 0.0000 0.0000 0.0000 0.0000 0.0000 0.0000 0.0000
0.0000 0.0000 0.0000 0.0000 0.0000 0.0000 0.0000 0.0000 0.0000 0.0000 0.0000 0.0000 0.0000 0.0000 0.0000 0.0000 0.0000 0.0000 0.0000 0.0000 0.0000 0.0000 0.0000 0.0000 0.0000 0.0000 0.0000 0.0000 0.0000 0.0000 0.0000 0.0000 0.0000 0.0000 0.0000 0.0000 0.0000 0.0000 0.0000 0.0000
0.0000 0.0000 0.0000 0.0000 0.0000 0.0000 0.0000 0.0000 0.0000 0.0000 0.0000 0.0000 0.0000 0.0000 0.0000 0.0000 0.0000 0.0000 0.0000 0.0000 0.0000 0.0000 0.0000 0.0000 0.0000 0.0000 0.0000 0.0000 0.0000 0.0000 0.0000 0.0000 0.0000 0.0000 0.0000 0.0400 0.0000 0.0000 0.0000 0.0000
0.0000 0.0000 0.0000 0.0000 0.0000 0.0000 0.0000 0.0000 0.0000 0.0000 0.0000 0.0000 0.0000 0.0000 0.0000 0.0000 0.0000 0.0000 0.0000 0.0000 0.0000 0.0000 0.0000 0.0000 0.0000 0.0000 0.0000 0.0000 0.0000 0.0000 0.0000 0.0000 0.0400 0.2400 0.3600 0.4000 0.3600 0.2400 0.0400 0.0000
0.0000 0.0000 0.0000 0.0000 0.0000 0.0000 0.0000 0.0000 0.0000 0.0000 0.0000 0.0000 0.0000 0.0000 0.0000 0.0000 0.0000 0.0000 0.0000 0.0000 0.0000 0.0000 0.0000 0.0000 0.0000 0.0000 0.0204 0.0000 0.0000 0.0000 0.0000 0.0400 0.3200 0.5200 0.6400 0.6800 0.6400 0.5200 0.3200 0.0400
0.0000 0.0000 0.0000 0.0000 0.0000 0.0000 0.0000 0.0000 0.0000 0.0000 0.0000 0.0000 0.0000 0.0000 0.0000 0.0000 0.0000 0.0000 0.0000 0.0000 0.0000 0.0000 0.0000 0.1020 0.2041 0.2653 0.2857 0.2653 0.2041 0.1020 0.0000 0.2400 0.5200 0.7200 0.8400 0.8800 0.8400 0.7200 0.5200 0.2400
0.0000 0.0000 0.0000 0.0000 0.0000 0.0000 0.0000 0.0000 0.0000 0.0000 0.0000 0.0000 0.0000 0.0000 0.0000 0.0000 0.0000 0.0000 0.0204 0.0000 0.0000 0.0000 0.1837 0.3265 0.4286 0.4898 0.5102 0.4898 0.4286 0.3265 0.1837 0.3600 0.6400 0.8400 0.9600 1.0000 0.9600 0.8400 0.6400 0.3600
0.0000 0.0000 0.0000 0.0000 0.0000 0.0000 0.0000 0.0000 0.0000 0.0000 0.0000 0.0000 0.0000 0.0000 0.0000 0.1020 0.2041 0.2653 0.2857 0.2653 0.2041 0.2857 0.3673 0.5102 0.6122 0.6735 0.6939 0.6735 0.6122 0.5102 0.4073 0.5837 0.6800 0.8800 1.0000 1.0400 1.0000 0.8800 0.6800 0.4000
0.0000 0.0000 0.0000 0.0000 0.0000 0.0000 0.0000 0.0000 0.0000 0.0000 0.0000 0.0000 0.0000 0.0000 0.2115 0.3265 0.4286 0.4898 0.5102 0.4898 0.5306 0.6531 0.6939 0.6531 0.7551 0.8163 0.8367 0.8163 0.7551 0.6531 0.5102 0.6865 0.7420 0.8400 0.9600 1.0000 0.9600 0.8400 0.6400 0.3600
0.0000 0.0000 0.0000 0.0000 0.0000 0.0000 0.0000 0.0000 0.0000 0.0000 0.0000 0.0833 0.2222 0.4892 0.7007 0.8158 0.8345 0.7568 0.6939 0.6735 0.8163 0.9388 0.9796 0.9388 0.8571 0.9184 0.9388 0.9184 0.8571 0.7551 0.6122 0.6686 0.7241 0.7200 0.8400 0.8800 0.8400 0.7200 0.5200 0.2400
0.0000 0.0000 0.0000 0.0000 0.0000 0.0000 0.0000 0.0000 0.0000 0.0000 0.1389 0.3333 0.5743 0.8821 1.0935 1.2086 1.2273 1.1497 0.9756 0.8163 1.0204 1.1529 1.1837 1.1429 1.0204 0.9796 1.0000 0.9796 0.9184 0.8163 0.6735 0.5298 0.5853 0.5200 0.6400 0.6800 0.6400 0.5200 0.3200 0.0400
0.0000 0.0000 0.0000 0.0000 0.0000 0.0000 0.0000 0.0000 0.0000 0.0833 0.3333 0.5278 0.8707 1.1786 1.3900 1.5051 1.5238 1.4861 1.3821 1.1821 1.3329 1.4653 1.4961 1.4253 1.2529 1.0400 1.0204 1.0000 0.9388 0.8367 0.6939 0.5102 0.3257 0.2604 0.3600 0.4000 0.3600 0.2400 0.0400 0.0000
0.0000 0.0000 0.0000 0.0000 0.0000 0.0000 0.0000 0.0000 0.0000 0.2222 0.4722 0.6667 1.0709 1.3787 1.5901 1.7152 1.8439 1.8563 1.7522 1.5318 1.5437 1.6761 1.7069 1.6361 1.4637 1.1896 1.1200 0.9896 0.9184 0.8163 0.6735 0.4898 0.2653 0.0000 0.0000 0.0400 0.0000 0.0000 0.0000 0.0000
0.0000 0.0000 0.0000 0.0000 0.0000 0.0000 0.0000 0.0000 0.0000 0.3056 0.5556 0.7704 1.1746 1.4824 1.7239 1.9690 2.0977 2.1100 2.0060 1.7856 1.6529 1.7853 1.8161 1.7453 1.5729 1.2988 1.2088 1.0784 0.8871 0.7551 0.6327 0.4286 0.2041 0.0000 0.0000 0.0000 0.0000 0.0000 0.0000 0.0000
0.0000 0.0000 0.0000 0.0000 0.0000 0.0000 0.0000 0.0000 0.0278 0.3333 0.5833 0.7778 1.1820 1.4998 1.8612 2.1063 2.2350 2.2474 2.1433 1.9229 1.6882 1.7929 1.8237 1.7529 1.5804 1.3063 1.2367 1.2084 1.1192 0.9284 0.7959 0.5918 0.3061 0.1020 0.0000 0.0000 0.0000 0.0000 0.0000 0.0000
0.0000 0.0000 0.0000 0.0000 0.0000 0.0000 0.0000 0.0000 0.0000 0.3056 0.5556 0.7500 1.0930 1.5208 1.8822 2.1273 2.2560 2.2684 2.1643 1.9439 1.6071 1.6988 1.7296 1.6588 1.4863 1.2735 1.3876 1.4000 1.3108 1.1200 0.8776 0.6735 0.4286 0.3265 0.1837 0.0000 0.0000 0.0000 0.0000 0.0000
0.0000 0.0000 0.0000 0.0000 0.0000 0.0000 0.0000 0.0000 0.0000 0.2222 0.4722 0.6667 0.9476 1.4254 1.7869 2.0320 2.1607 2.1730 2.0690 1.8485 1.5951 1.5031 1.5339 1.4631 1.2906 1.3635 1.4776 1.4900 1.4008 1.2100 0.9176 0.6735 0.6122 0.5102 0.3673 0.1837 0.0000 0.0000 0.0000 0.0000
0.0000 0.0000 0.0000 0.0000 0.0000 0.0000 0.0000 0.0000 0.0000 0.0833 0.3333 0.5278 0.7767 1.2137 1.5751 1.8202 1.9489 1.9890 1.8572 1.6368 1.5222 1.4302 1.2773 1.1657 1.1361 1.3518 1.4659 1.4784 1.3892 1.1984 0.9467 0.8163 0.7551 0.6531 0.5102 0.3265 0.1020 0.0000 0.0000 0.0000
0.0000 0.0000 0.0000 0.0000 0.0000 0.0000 0.0000 0.0000 0.0000 0.0000 0.1389 0.3333 0.6322 0.8856 1.3303 1.7143 1.9263 1.9665 1.8346 1.6420 1.4719 1.2965 1.1437 0.9300 1.0841 1.2386 1.3527 1.3651 1.3371 1.2484 1.0988 0.9184 0.8571 0.7551 0.6122 0.4286 0.2041 0.0000 0.0000 0.0000
0.0000 0.0000 0.0000 0.0000 0.0000 0.0000 0.0000 0.0000 0.0000 0.0000 0.0000 0.0833 0.4122 0.8044 1.1767 1.5198 1.7319 1.7720 1.7513 1.6975 1.5274 1.2409 0.9900 0.9600 1.1753 1.3298 1.4235 1.4563 1.4284 1.3396 1.1900 0.9796 0.9184 0.8163 0.6735 0.4898 0.2653 0.0000 0.0000 0.0000
0.0000 0.0000 0.0000 0.0000 0.0000 0.0000 0.0000 0.0000 0.0000 0.0000 0.0000 0.0100 0.2833 0.7033 1.0756 1.3167 1.5100 1.6278 1.6904 1.6367 1.5278 1.3333 1.0833 0.9904 1.2057 1.3602 1.4539 1.4867 1.4588 1.3700 1.2204 1.0100 0.9388 0.8367 0.6939 0.5102 0.2857 0.0204 0.0000 0.0000
0.0000 0.0000 0.0000 0.0000 0.0000 0.0000 0.0000 0.0000 0.0000 0.0000 0.0000 0.0000 0.4122 0.8322 1.1767 1.4456 1.6389 1.7567 1.7989 1.7656 1.6567 1.4722 1.2122 0.9600 1.1753 1.3298 1.4235 1.4563 1.4284 1.3396 1.1900 0.9796 0.9184 0.8163 0.6735 0.4898 0.2653 0.0000 0.0000 0.0000
0.0000 0.0000 0.0000 0.0000 0.0000 0.0000 0.0000 0.0000 0.0000 0.0000 0.0000 0.0000 0.4656 0.8856 1.2300 1.4989 1.6922 1.8100 1.8522 1.8189 1.7100 1.5256 1.2656 0.9300 1.0841 1.2386 1.3322 1.3651 1.3371 1.2484 1.0988 0.9184 0.8571 0.7551 0.6122 0.4286 0.2041 0.0000 0.0000 0.0000
