0.0000 0.0000 0.0000 0.0000 0.0000 0.0000 0.0000 0.0000 0.0000 0.0000 0.0000 0.0000 0.0000 0.0000 0.0000 0.0000 0.0000 0.0000 0.0000 0.0000 0.0000 0.0000 0.3600 0.6400 0.8400 0.9600 1.0000 0.9600 0.8400 0.6400 0.3600 0.0000 0.0000 0.0000 0.1389 0.3333 0.4722 0.5556 0.5833 0.5556
0.0000 0.0000 0.0000 0.0000 0.0000 0.0000 0.0000 0.0000 0.0000 0.0000 0.0000 0.0000 0.0000 0.0000 0.0000 0.0000 0.0000 0.0000 0.0000 0.0000 0.0000 0.0400 0.4000 0.6800 0.8800 1.0000 1.0400 1.0000 0.8800 0.6800 0.4000 0.0400 0.0000 0.0833 0.3333 0.5278 0.6667 0.7500 0.7778 0.7500
0.0000 0.0000 0.0000 0.0000 0.0000 0.0000 0.0000 0.0000 0.0000 0.0000 0.0000 0.0000 0.0000 0.0000 0.0000 0.0000 0.0000 0.0000 0.0000 0.0000 0.0000 0.0000 0.3600 0.6400 0.8400 0.9600 1.0000 0.9600 0.8400 0.6400 0.3600 0.0000 0.0000 0.2222 0.4722 0.6667 0.8056 0.8889 0.9167 0.8889
0.0000 0.0000 0.0000 0.0000 0.0000 0.0000 0.0000 0.0000 0.0000 0.0000 0.0000 0.0000 0.0000 0.0000 0.0000 0.0000 0.0000 0.0000 0.0000 0.0000 0.0000 0.0000 0.2400 0.5200 0.7200 0.8400 0.8800 0.8400 0.7200 0.5200 0.2400 0.0000 0.0000 0.3056 0.5556 0.7500 0.8889 0.9722 1.0000 0.9722
0.0000 0.0000 0.0000 0.0000 0.0000 0.0000 0.0000 0.0000 0.0000 0.0000 0.0000 0.0000 0.0000 0.0000 0.0000 0.0000 0.0000 0.0000 0.0000 0.0000 0.0000 0.0000 0.0400 0.3200 0.5200 0.6400 0.6800 0.6400 0.5200 0.3200 0.0400 0.0000 0.0278 0.3333 0.5833 0.7778 0.9167 1.0000 1.0278 1.0000
0.0000 0.0000 0.0000 0.0000 0.0000 0.0000 0.0000 0.0000 0.0000 0.0000 0.0000 0.0000 0.0000 0.0000 0.0204 0.0000 0.0000 0.0000 0.0000 0.0000 0.0000 0.0000 0.0000 0.0400 0.2400 0.3600 0.4000 0.3600 0.2400 0.0400 0.0000 0.0000 0.0000 0.3056 0.5556 0.7500 0.8889 0.9722 1.0000 0.9722
0.0000 0.0000 0.0000 0.0000 0.0000 0.0000 0.0000 0.0000 0.0000 0.0000 0.0000 0.1020 0.2041 0.2653 0.2857 0.2653 0.2041 0.1020 0.0000 0.0000 0.0000 0.0000 0.0000 0.0000 0.0000 0.0000 0.0400 0.0000 0.0000 0.0000 0.0000 0.0000 0.0000 0.2222 0.4722 0.6667 0.8056 0.8889 0.9167 0.8889
0.0000 0.0000 0.0000 0.0000 0.0000 0.0000 0.0000 0.0000 0.0000 0.0000 0.1837 0.3265 0.4286 0.4898 0.5102 0.4898 0.4286 0.3265 0.1837 0.0000 0.0000 0.0000 0.0000 0.0000 0.0000 0.0000 0.0000 0.0000 0.0000 0.0000 0.0000 0.0000 0.0000 0.0833 0.3333 0.5278 0.6667 0.7500 0.7778 0.7500
0.0000 0.0000 0.0000 0.0000 0.0000 0.0000 0.0000 0.0000 0.0000 0.1837 0.3673 0.5102 0.6122 0.6858 0.6939 0.6735 0.6122 0.5102 0.3673 0.1837 0.0000 0.0000 0.0000 0.0000 0.0000 0.0000 0.0000 0.0000 0.0000 0.0000 0.0000 0.0000 0.0000 0.0000 0.1389 0.3333 0.4722 0.5556 0.5833 0.5556
0.0000 0.0000 0.0000 0.0000 0.0000 0.0000 0.0000 0.0000 0.1020 0.3512 0.6213 0.8259 0.9650 1.0385 1.0466 0.9892 0.8662 0.6778 0.5102 0.3265 0.1020 0.0000 0.0000 0.0000 0.0000 0.0000 0.0000 0.0000 0.0000 0.0000 0.0000 0.0000 0.0000 0.0000 0.0000 0.0833 0.2222 0.3056 0.3333 0.3056
0.0000 0.0000 0.0000 0.0000 0.0000 0.0000 0.0000 0.0000 0.3028 0.6384 0.9085 1.1131 1.2522 1.3258 1.3338 1.2764 1.1534 0.9650 0.7110 0.4286 0.2041 0.0000 0.0000 0.0000 0.0000 0.0000 0.0000 0.0000 0.0000 0.0000 0.0000 0.0000 0.0000 0.0000 0.0000 0.0000 0.0000 0.0000 0.0278 0.0000
0.0000 0.0000 0.0000 0.0000 0.0000 0.0000 0.0000 0.1235 0.5246 0.8602 1.1303 1.3348 1.4739 1.5475 1.5556 1.4981 1.3752 1.1867 0.9327 0.6133 0.2653 0.0000 0.0000 0.0000 0.0000 0.0000 0.0000 0.0000 0.0000 0.0000 0.0000 0.0000 0.0000 0.0000 0.0000 0.0000 0.0000 0.0000 0.0000 0.0000
0.0000 0.0000 0.0000 0.0000 0.0000 0.0000 0.0988 0.2797 0.6808 1.0164 1.2865 1.4911 1.6301 1.7037 1.7118 1.6543 1.5314 1.3429 1.0889 0.7695 0.3845 0.0204 0.0000 0.0000 0.0000 0.0000 0.0000 0.0000 0.0000 0.0000 0.0000 0.0000 0.0000 0.0000 0.0000 0.0000 0.0000 0.0000 0.0000 0.0000
0.0000 0.0000 0.0000 0.0000 0.0000 0.0247 0.2099 0.3704 0.7715 1.1071 1.3772 1.5818 1.7208 1.7944 1.8025 1.7450 1.6221 1.4336 1.1796 0.8602 0.4752 0.0247 0.0000 0.0000 0.0000 0.0000 0.0000 0.0000 0.0000 0.0000 0.0000 0.0000 0.0000 0.0000 0.0000 0.0000 0.0000 0.0000 0.0000 0.0000
0.0000 0.0000 0.0000 0.0000 0.0000 0.1111 0.2963 0.4568 0.7967 1.1323 1.4024 1.6070 1.7460 1.8196 1.8277 1.7702 1.6473 1.4588 1.2048 0.8854 0.5004 0.1111 0.0000 0.0000 0.0000 0.0000 0.0000 0.0000 0.0000 0.0000 0.0000 0.0000 0.0000 0.0000 0.0000 0.0000 0.0000 0.0000 0.0000 0.0000
0.0000 0.0000 0.0000 0.0000 0.0000 0.1728 0.3580 0.5185 0.7564 1.0920 1.3825 1.5666 1.7057 1.7793 1.7874 1.7299 1.6070 1.4185 1.1645 0.8450 0.4601 0.1728 0.0000 0.0000 0.0000 0.0000 0.0000 0.0000 0.0000 0.0000 0.0000 0.0000 0.0000 0.0000 0.0000 0.0000 0.0000 0.0000 0.0000 0.0000
0.0000 0.0000 0.0000 0.0000 0.0000 0.2099 0.3951 0.6576 0.8954 1.2514 1.5420 1.7261 1.8040 1.7755 1.6815 1.6241 1.5011 1.3127 1.0587 0.7392 0.3951 0.2099 0.0000 0.0000 0.0000 0.0000 0.0000 0.0000 0.0000 0.0000 0.0000 0.0000 0.0000 0.0000 0.0000 0.0000 0.0000 0.0000 0.0000 0.0000
0.0000 0.0000 0.0000 0.0000 0.0123 0.2222 0.5911 0.8944 1.1323 1.3046 1.5951 1.7793 1.8571 1.8287 1.6939 1.4528 1.3298 1.1413 0.8874 0.5679 0.4074 0.2222 0.0123 0.0000 0.0000 0.0000 0.0000 0.0000 0.0000 0.0000 0.0000 0.0000 0.0000 0.0000 0.0000 0.0000 0.0000 0.0000 0.0000 0.0000
0.0000 0.0000 0.0000 0.0000 0.0000 0.3936 0.7624 1.0658 1.3036 1.4759 1.5828 1.7261 1.8040 1.7755 1.6407 1.3996 1.0930 0.9045 0.6914 0.5556 0.3951 0.2099 0.0000 0.0000 0.0000 0.0000 0.0000 0.0000 0.0000 0.0123 0.0000 0.0000 0.0000 0.0000 0.0400 0.0000 0.0000 0.0000 0.0000 0.0000
0.0000 0.0000 0.0000 0.0000 0.1020 0.4994 0.8682 1.1716 1.4094 1.5818 1.6886 1.7299 1.7057 1.6160 1.4812 1.2401 0.9539 0.7654 0.6543 0.5185 0.3580 0.1728 0.0000 0.0000 0.0000 0.0247 0.1111 0.1728 0.2099 0.2222 0.2099 0.2128 0.3511 0.3847 0.4000 0.3600 0.2400 0.0400 0.0000 0.0000
0.0000 0.0000 0.0000 0.0000 0.2041 0.5397 0.9085 1.2119 1.4497 1.6221 1.7289 1.7702 1.7460 1.6563 1.5011 1.2804 0.9942 0.7037 0.5926 0.4568 0.2963 0.1111 0.0000 0.0000 0.0988 0.2099 0.2963 0.3580 0.3951 0.4074 0.4351 0.6780 0.8163 0.8499 0.7788 0.6400 0.5200 0.3200 0.0400 0.0000
0.0000 0.0000 0.0000 0.0000 0.2653 0.5145 0.8833 1.1867 1.4245 1.5969 1.7037 1.7450 1.7208 1.6311 1.4759 1.2552 0.9690 0.6173 0.5062 0.3704 0.2099 0.0247 0.0000 0.1235 0.2593 0.3704 0.4568 0.5185 0.5556 0.5679 0.7956 1.0385 1.1768 1.2104 1.1393 0.9635 0.7200 0.5200 0.2400 0.0000
0.0000 0.0000 0.0000 0.0204 0.2857 0.5102 0.7926 1.0960 1.3338 1.5062 1.6130 1.6543 1.6301 1.5404 1.3852 1.1645 0.8783 0.5266 0.3951 0.2593 0.0988 0.0000 0.0988 0.2593 0.3951 0.5062 0.5926 0.6543 0.6914 0.7037 1.0514 1.2943 1.4326 1.4662 1.3951 1.2293 0.9388 0.6400 0.3600 0.0000
0.0000 0.0000 0.0000 0.0000 0.2653 0.4898 0.6735 0.9398 1.1776 1.3500 1.4568 1.4981 1.4739 1.3842 1.2290 1.0083 0.7221 0.3704 0.2593 0.1235 0.0000 0.0247 0.2099 0.3704 0.5062 0.6173 0.7037 0.7654 0.8025 0.8548 1.2025 1.4854 1.6937 1.7773 1.7362 1.5704 1.2799 0.8647 0.5100 0.0800
0.0000 0.0000 0.0000 0.0000 0.2041 0.4286 0.6122 0.7551 0.9559 1.1282 1.2351 1.2764 1.2522 1.1625 1.0073 0.7866 0.5004 0.2099 0.0988 0.0000 0.0000 0.1111 0.2963 0.4568 0.5926 0.7037 0.7901 0.8519 0.8889 0.9112 1.3689 1.7019 1.9101 1.9937 1.9526 1.7868 1.4963 1.0811 0.6400 0.2100
0.0000 0.0000 0.0000 0.0000 0.1020 0.3265 0.5102 0.6531 0.7551 0.8410 0.9478 0.9892 0.9650 0.8753 0.7201 0.4994 0.2132 0.0247 0.0000 0.0000 0.0000 0.1728 0.3580 0.5185 0.6543 0.7654 0.8519 0.9136 0.9806 1.1230 1.4606 1.7936 2.0019 2.0854 2.0443 1.8785 1.5880 1.1728 0.6700 0.3600
0.0000 0.0000 0.0000 0.0000 0.0000 0.1837 0.3673 0.5102 0.6122 0.6735 0.6939 0.6735 0.6122 0.5225 0.3673 0.1837 0.0000 0.0000 0.0000 0.0000 0.0000 0.2099 0.3951 0.5556 0.6914 0.8025 0.8889 0.9606 1.1477 1.2900 1.4277 1.7606 1.9689 2.0525 2.0114 1.8456 1.5551 1.1399 0.6000 0.4900
0.0000 0.0000 0.0000 0.0000 0.0000 0.0000 0.1837 0.3265 0.4286 0.4898 0.5102 0.4898 0.4286 0.3265 0.1837 0.0000 0.0000 0.0000 0.0000 0.0000 0.0123 0.2222 0.4074 0.5679 0.7037 0.8148 0.9012 1.0830 1.2700 1.4000 1.5100 1.6030 1.8112 1.8948 1.8537 1.6879 1.3974 0.9822 0.6823 0.6000
0.0000 0.0000 0.0000 0.0000 0.0000 0.0000 0.0000 0.1020 0.2041 0.2653 0.2857 0.2653 0.2041 0.1020 0.0000 0.0000 0.0000 0.0000 0.0000 0.0000 0.0000 0.2099 0.3951 0.5556 0.6914 0.8025 0.9289 1.1606 1.3477 1.4900 1.5877 1.6406 1.6489 1.6125 1.5714 1.4056 1.2351 1.0199 0.7600 0.6900
0.0000 0.0000 0.0000 0.0000 0.0000 0.0000 0.0000 0.0000 0.0000 0.0000 0.0204 0.0000 0.0000 0.0000 0.0000 0.0000 0.0000 0.0000 0.0000 0.0000 0.0000 0.1728 0.3580 0.5185 0.6543 0.7654 0.9619 1.1936 1.3806 1.5230 1.6206 1.6736 1.6819 1.6454 1.5643 1.4385 1.2680 1.0528 0.8300 0.7600
0.0000 0.0000 0.0000 0.0000 0.0000 0.0000 0.0000 0.0000 0.0000 0.0000 0.0000 0.0000 0.0000 0.0000 0.0000 0.0000 0.0000 0.0000 0.0000 0.0000 0.0000 0.1111 0.2963 0.4568 0.5926 0.7037 0.9501 1.1819 1.3689 1.5112 1.6089 1.6619 1.6701 1.6337 1.5526 1.4268 1.2563 1.0411 0.8800 0.8100
0.0000 0.0000 0.0000 0.0000 0.0000 0.0000 0.0000 0.0000 0.0000 0.0000 0.0000 0.0000 0.0000 0.0000 0.0000 0.0000 0.0000 0.0000 0.0000 0.0000 0.0000 0.0247 0.2099 0.3704 0.5062 0.6173 0.8937 1.1254 1.3125 1.4548 1.5525 1.6054 1.6137 1.5773 1.4962 1.3704 1.1999 0.9847 0.9100 0.8400
0.0000 0.0000 0.0000 0.0000 0.0000 0.0000 0.0000 0.0000 0.0000 0.0000 0.0000 0.0000 0.0000 0.0000 0.0000 0.0000 0.0000 0.0000 0.0000 0.0000 0.0000 0.0000 0.0988 0.2593 0.3951 0.5162 0.7926 1.0243 1.2114 1.3537 1.4514 1.5043 1.5126 1.4762 1.3951 1.2693 1.0988 0.9700 0.9200 0.8500
0.0000 0.0000 0.0000 0.0000 0.0000 0.0000 0.0000 0.0000 0.0000 0.0000 0.0000 0.0000 0.0000 0.0000 0.0000 0.0000 0.0000 0.0000 0.0000 0.0000 0.0000 0.0000 0.0000 0.1235 0.2593 0.3704 0.6468 0.8785 1.0656 1.2079 1.3056 1.3585 1.3668 1.3304 1.2493 1.1235 0.9900 0.9600 0.9100 0.8400
0.0000 0.0000 0.0000 0.0000 0.0000 0.0000 0.0000 0.0123 0.0000 0.0000 0.0000 0.0000 0.0000 0.0000 0.0000 0.0000 0.0000 0.0000 0.0000 0.0000 0.0000 0.0000 0.0000 0.0000 0.0988 0.2099 0.4563 0.6880 0.8751 1.0174 1.1151 1.1680 1.1763 1.1399 1.0588 0.9700 0.9600 0.9300 0.8800 0.8100
0.0000 0.0000 0.0000 0.0247 0.1111 0.1728 0.2099 0.2222 0.2099 0.1728 0.1111 0.0247 0.0000 0.0000 0.0000 0.0000 0.0000 0.0000 0.0000 0.0000 0.0000 0.0000 0.0000 0.0000 0.0000 0.0247 0.2211 0.4528 0.6399 0.7822 0.8799 0.9328 0.9411 0.9047 0.9100 0.9200 0.9100 0.8800 0.8300 0.7600
0.0000 0.0000 0.0988 0.2099 0.2963 0.3580 0.3951 0.4074 0.3951 0.3580 0.2963 0.2099 0.0988 0.0000 0.0000 0.0000 0.0000 0.0000 0.0000 0.0000 0.0000 0.0000 0.0000 0.0000 0.0000 0.0000 0.0400 0.2100 0.3600 0.5023 0.6000 0.6900 0.7600 0.8100 0.8400 0.8500 0.8400 0.8100 0.7600 0.6900
0.0000 0.1235 0.2593 0.3704 0.4568 0.5185 0.5556 0.5679 0.5556 0.5185 0.4568 0.3704 0.2593 0.1235 0.0000 0.0000 0.0000 0.0000 0.0000 0.0000 0.0000 0.0000 0.0000 0.0000 0.0000 0.0000 0.0000 0.1200 0.2700 0.4000 0.5100 0.6000 0.6700 0.7200 0.7500 0.7600 0.7500 0.7200 0.6700 0.6000
0.0988 0.2593 0.3951 0.5062 0.5926 0.6543 0.6914 0.7037 0.6914 0.6543 0.5926 0.5062 0.3951 0.2593 0.0988 0.0000 0.0000 0.0000 0.0000 0.0000 0.0000 0.0000 0.0000 0.0000 0.0000 0.0000 0.0000 0.0100 0.1600 0.2900 0.4000 0.4900 0.5600 0.6100 0.6400 0.6500 0.6400 0.6100 0.5600 0.4900
0.2099 0.3704 0.5062 0.6173 0.7037 0.7654 0.8025 0.8148 0.8025 0.7654 0.7037 0.6173 0.5062 0.3704 0.2099 0.0247 0.0000 0.0000 0.0000 0.0000 0.0000 0.0000 0.0000 0.0000 0.0000 0.0000 0.0000 0.0000 0.0300 0.1600 0.2700 0.3600 0.4300 0.4800 0.5100 0.5200 0.5100 0.4800 0.4300 0.3600
