0.0000 0.0000 0.0000 0.0000 0.0000 0.0000 0.0000 0.0000 0.0000 0.0000 0.0000 0.0000 0.0000 0.0000 0.0000 0.0000 0.0000 0.0625 0.2031 0.3125 0.3906 0.4375 0.4531 0.4375 0.3906 0.3125 0.2031 0.0625 0.0000 0.0000 0.0000 0.0000 0.0000 0.0000 0.0000 0.0000 0.0000 0.0000 0.0000 0.0000
0.0000 0.0000 0.0000 0.0000 0.0000 0.0000 0.0000 0.0000 0.0000 0.0000 0.0000 0.0000 0.0000 0.0000 0.0000 0.0000 0.0625 0.2344 0.3750 0.4844 0.5625 0.6094 0.6250 0.6094 0.5625 0.4844 0.3750 0.2344 0.0625 0.0000 0.0000 0.0000 0.0000 0.0000 0.0000 0.0000 0.0000 0.0000 0.0000 0.0000
0.0000 0.0000 0.0000 0.0000 0.0000 0.0000 0.0000 0.0000 0.0000 0.0000 0.0000 0.0000 0.0000 0.0000 0.0000 0.0000 0.2031 0.3750 0.5156 0.6250 0.7031 0.7500 0.7656 0.7500 0.7031 0.6250 0.5156 0.3750 0.2031 0.0000 0.0000 0.0000 0.0000 0.0000 0.0000 0.0000 0.0000 0.0000 0.0000 0.0000
0.0000 0.0000 0.0000 0.0000 0.0000 0.0000 0.0000 0.0000 0.0000 0.0000 0.0000 0.0000 0.0000 0.0000 0.0000 0.1094 0.3125 0.4844 0.6250 0.7344 0.8125 0.8594 0.8750 0.8594 0.8125 0.7344 0.6250 0.4844 0.3125 0.1094 0.0000 0.0000 0.0000 0.0000 0.0000 0.0000 0.0000 0.0000 0.0000 0.0000
0.0000 0.0000 0.0000 0.0000 0.0000 0.0000 0.0000 0.0000 0.0000 0.0000 0.0000 0.0000 0.0000 0.0000 0.0000 0.1875 0.3906 0.5625 0.7031 0.8125 0.8906 0.9375 0.9531 0.9375 0.8906 0.8125 0.7031 0.5781 0.3906 0.1875 0.0000 0.0000 0.0000 0.0000 0.0000 0.0000 0.0000 0.0000 0.0000 0.0000
0.0000 0.0000 0.0000 0.0000 0.0000 0.0000 0.0000 0.0000 0.0000 0.0278 0.0000 0.0000 0.0000 0.0000 0.0000 0.2344 0.4375 0.6094 0.7500 0.8594 0.9375 0.9844 1.0000 0.9844 1.0469 1.0469 0.9844 0.8594 0.6719 0.4423 0.1094 0.0000 0.0000 0.0000 0.0000 0.0000 0.0000 0.0000 0.0000 0.0000
0.0000 0.0000 0.0000 0.0000 0.0000 0.0000 0.0833 0.2222 0.3056 0.3333 0.3056 0.2222 0.0833 0.0000 0.0156 0.2500 0.4531 0.6250 0.7656 0.8750 0.9531 1.0000 1.0781 1.2031 1.2656 1.2656 1.3052 1.2822 1.1559 0.9263 0.5934 0.4072 0.1645 0.0000 0.0000 0.0000 0.0000 0.0000 0.0000 0.0000
0.0000 0.0000 0.0000 0.0000 0.0000 0.1389 0.3333 0.4722 0.5556 0.5833 0.5556 0.4722 0.3333 0.1389 0.0000 0.2344 0.4375 0.6094 0.7500 0.8594 0.9375 1.0469 1.2344 1.3594 1.4219 1.6055 1.6859 1.6629 1.5367 1.3071 0.9742 0.8036 0.5609 0.2462 0.0000 0.0000 0.0000 0.0000 0.0000 0.0000
0.0000 0.0000 0.0000 0.0000 0.0833 0.3333 0.5278 0.6667 0.7500 0.7778 0.7500 0.6790 0.5278 0.3333 0.0833 0.1875 0.3906 0.5625 0.7031 0.8125 0.8906 1.1406 1.3281 1.4531 1.6993 1.8830 1.9633 1.9404 1.8141 1.5845 1.2985 1.1279 0.8852 0.5705 0.1837 0.0000 0.0000 0.0000 0.0000 0.0000
0.0000 0.0000 0.0000 0.0000 0.2222 0.4722 0.6667 0.8302 1.0000 1.0895 1.0988 1.0278 0.8765 0.6451 0.3333 0.1341 0.3125 0.4844 0.6250 0.7344 0.9219 1.1719 1.3594 1.5864 1.8734 2.0775 2.1374 2.1145 1.9882 1.7586 1.5507 1.3801 1.1374 0.8227 0.4359 0.1020 0.0000 0.0000 0.0000 0.0000
0.0000 0.0000 0.0000 0.0000 0.3056 0.5556 0.8488 1.0988 1.2685 1.3580 1.3673 1.2963 1.1451 0.9136 0.6019 0.2099 0.3019 0.3750 0.5156 0.6250 0.8906 1.1406 1.4302 1.8613 2.2095 2.4136 2.4735 2.3893 2.1610 1.8294 1.7309 1.5603 1.3176 1.0029 0.6161 0.2041 0.0000 0.0000 0.0000 0.0000
0.0000 0.0000 0.0000 0.0278 0.3333 0.7068 1.0370 1.2870 1.4568 1.5463 1.5556 1.4846 1.3333 1.1019 0.7901 0.3981 0.3218 0.3578 0.3750 0.4844 0.7969 1.2305 1.5609 2.0533 2.4015 2.6055 2.6655 2.5813 2.3530 2.1212 1.8390 1.6684 1.4257 1.1110 0.7242 0.2653 0.0000 0.0000 0.0000 0.0000
0.0000 0.0000 0.0000 0.0000 0.4043 0.8148 1.1451 1.3951 1.5648 1.6543 1.6636 1.5926 1.4414 1.2099 0.8981 0.5062 0.3951 0.3218 0.3019 0.3281 0.8243 1.2580 1.6087 2.1011 2.4493 2.6534 2.7133 2.6291 2.5102 2.3205 2.0587 1.7044 1.4617 1.1470 0.7602 0.3013 0.0204 0.0000 0.0000 0.0000
0.0000 0.0000 0.0000 0.0247 0.4321 0.8426 1.1728 1.4228 1.5926 1.6821 1.6914 1.6204 1.4691 1.2377 0.9259 0.6173 0.5062 0.3704 0.2099 0.2361 0.7484 1.1821 1.5124 2.0048 2.3530 2.5571 2.6170 2.6735 2.6170 2.4477 2.1655 1.7704 1.4257 1.1110 0.7242 0.2653 0.0000 0.0000 0.0000 0.0000
0.0000 0.0000 0.0000 0.1111 0.3796 0.7901 1.1204 1.3704 1.5401 1.6296 1.6389 1.5679 1.4167 1.1852 0.8735 0.7037 0.5926 0.4568 0.2963 0.3152 0.6161 1.0029 1.3332 1.7643 2.1594 2.4416 2.6110 2.6674 2.6110 2.4416 2.1594 1.7643 1.3176 1.0029 0.6161 0.2041 0.0000 0.0000 0.0000 0.0000
0.0000 0.0000 0.0000 0.1728 0.3580 0.6574 0.9877 1.2377 1.4074 1.4969 1.5062 1.4352 1.2840 1.0525 0.8519 0.7654 0.6821 0.5185 0.3580 0.4381 0.5992 0.9860 1.3007 1.6454 2.0405 2.3227 2.4920 2.5485 2.4920 2.3227 2.0405 1.6454 1.1374 0.8227 0.4359 0.1020 0.0000 0.0000 0.0000 0.0000
0.0000 0.0000 0.0000 0.2099 0.3951 0.5556 0.7747 1.0247 1.1944 1.2840 1.2932 1.2222 1.0710 1.0340 1.1111 1.1080 1.0247 0.8611 0.6377 0.5789 0.5102 0.8970 1.2117 1.4544 1.8087 2.0909 2.2602 2.3166 2.2602 2.0909 1.8087 1.4136 0.9056 0.5705 0.1837 0.0000 0.0000 0.0000 0.0000 0.0000
0.0000 0.0000 0.0123 0.2222 0.4074 0.5679 0.7037 0.8148 0.9012 0.9907 1.0000 1.0123 1.1389 1.2963 1.3735 1.3704 1.2870 1.1235 0.8796 0.8209 0.6410 0.7360 1.0507 1.2934 1.4640 1.7462 1.9155 1.9719 1.9155 1.7462 1.4640 1.0689 0.5609 0.2462 0.0000 0.0000 0.0000 0.0000 0.0000 0.0000
0.0000 0.0000 0.0000 0.2099 0.3951 0.5556 0.6914 0.8025 0.8889 0.9506 0.9877 1.0833 1.3210 1.4784 1.5556 1.5525 1.4691 1.3056 1.0617 0.9417 0.7619 0.6956 0.8176 1.0603 1.2709 1.3294 1.4579 1.5143 1.4579 1.2886 1.0064 0.6113 0.1645 0.0000 0.0000 0.0000 0.0000 0.0000 0.0000 0.0000
0.0000 0.0000 0.0000 0.1728 0.3580 0.5185 0.6543 0.7654 0.8519 0.9136 0.9506 1.1852 1.4228 1.5802 1.6574 1.6543 1.5710 1.4074 1.1636 0.9415 0.7988 0.7724 0.8931 1.1151 1.3257 1.3842 1.2907 1.0451 0.8874 0.7181 0.4359 0.1020 0.0000 0.0000 0.0000 0.0000 0.0000 0.0000 0.0000 0.0000
0.0000 0.0000 0.0000 0.1111 0.2963 0.4568 0.5926 0.7037 0.7901 0.8519 0.8889 1.2068 1.4444 1.6019 1.6790 1.6759 1.5926 1.4290 1.1852 0.8611 0.7792 0.9929 1.0302 1.2522 1.3535 1.3339 1.1935 0.9479 0.5502 0.3673 0.1837 0.0000 0.0000 0.0000 0.0000 0.0000 0.0000 0.0000 0.0000 0.0000
0.0000 0.0000 0.0000 0.0247 0.2099 0.3704 0.5062 0.6173 0.7037 0.7654 0.8302 1.1481 1.3858 1.5432 1.6204 1.6173 1.5340 1.3704 1.1265 0.8025 0.8233 1.0370 1.0743 1.2686 1.3698 1.3502 1.2098 0.9486 0.5665 0.1837 0.0000 0.0000 0.0000 0.0000 0.0000 0.0000 0.0000 0.0000 0.0000 0.0000
0.0000 0.0000 0.0000 0.0000 0.0988 0.2593 0.3951 0.5062 0.5926 0.6543 0.6914 1.0093 1.2469 1.4043 1.4815 1.4784 1.3951 1.2315 0.9877 0.7500 0.9156 0.9456 0.9420 1.1641 1.2653 1.2457 1.1053 0.8441 0.4620 0.0000 0.0000 0.0000 0.0000 0.0000 0.0000 0.0000 0.0000 0.0000 0.0000 0.0000
0.0000 0.0000 0.0000 0.0000 0.0000 0.1235 0.2593 0.3704 0.4568 0.5185 0.5556 0.7901 1.0278 1.1852 1.2623 1.2593 1.1759 1.0123 0.8056 0.7067 0.8722 0.9022 0.8800 1.0000 1.0400 1.0204 0.8800 0.6800 0.4000 0.0400 0.0000 0.0204 0.0000 0.0000 0.0000 0.0000 0.0000 0.0000 0.0000 0.0000
0.0000 0.0000 0.0000 0.0000 0.0000 0.0000 0.0988 0.2099 0.2963 0.3580 0.3951 0.4907 0.7284 0.8858 0.9630 0.9599 0.8765 0.7500 0.6667 0.5278 0.6933 0.7233 0.8400 0.9600 1.0000 0.9600 0.8400 0.6400 0.4620 0.2041 0.2653 0.2857 0.2653 0.2041 0.1020 0.0000 0.0000 0.0000 0.0000 0.0000
0.0000 0.0000 0.0000 0.0000 0.0000 0.0000 0.0000 0.0247 0.1111 0.1728 0.2099 0.2222 0.3488 0.5062 0.5833 0.5802 0.5833 0.5556 0.4722 0.3333 0.3789 0.5200 0.7200 0.8400 0.8800 0.8400 0.7200 0.7037 0.5665 0.4286 0.4898 0.5102 0.4898 0.4286 0.3265 0.1837 0.0000 0.0000 0.0000 0.0000
0.0000 0.0000 0.0000 0.0000 0.0000 0.0000 0.0000 0.0000 0.0000 0.0000 0.0000 0.0123 0.0000 0.0833 0.2222 0.3056 0.3333 0.3056 0.2222 0.0833 0.0400 0.3200 0.5200 0.6400 0.6800 0.6400 0.7037 0.6873 0.5502 0.6122 0.6735 0.6939 0.6735 0.6122 0.5102 0.3673 0.1837 0.0000 0.0000 0.0000
0.0000 0.0000 0.0000 0.0000 0.0000 0.0000 0.0000 0.0000 0.0000 0.0000 0.0000 0.0000 0.0000 0.0000 0.0000 0.0000 0.0278 0.0000 0.0000 0.0000 0.0000 0.0400 0.2400 0.3600 0.4000 0.4620 0.5665 0.5502 0.6531 0.7551 0.8163 0.8367 0.8163 0.7551 0.6531 0.5102 0.3265 0.1020 0.0000 0.0000
0.0000 0.0000 0.0000 0.0000 0.0000 0.0000 0.0000 0.0000 0.0000 0.0000 0.0000 0.0000 0.0000 0.0000 0.0000 0.0000 0.0000 0.0000 0.0000 0.0000 0.0000 0.0000 0.0000 0.0000 0.0400 0.2041 0.4286 0.6122 0.7551 0.8571 0.9184 0.9388 0.9184 0.8571 0.7551 0.6122 0.4286 0.2041 0.0000 0.0000
0.0000 0.0000 0.0000 0.0000 0.0000 0.0000 0.0000 0.0000 0.0000 0.0000 0.0000 0.0000 0.0000 0.0000 0.0000 0.0000 0.0000 0.0000 0.0000 0.0000 0.0000 0.0000 0.0000 0.0000 0.0000 0.2653 0.4898 0.6735 0.8163 0.9184 0.9796 1.0000 0.9796 0.9184 0.8163 0.6735 0.4898 0.2653 0.0000 0.0000
0.0000 0.0000 0.0000 0.0000 0.0000 0.0000 0.0000 0.0000 0.0000 0.0000 0.0000 0.0000 0.0000 0.0000 0.0000 0.0000 0.0000 0.0000 0.0000 0.0000 0.0000 0.0000 0.0000 0.0000 0.0204 0.2857 0.5102 0.6939 0.8367 0.9388 1.0000 1.0204 1.0000 0.9388 0.8367 0.6939 0.5102 0.2857 0.0204 0.0000
0.0000 0.0000 0.0000 0.0000 0.0000 0.0000 0.0000 0.0000 0.0000 0.0000 0.0000 0.0000 0.0000 0.0000 0.0000 0.0000 0.0000 0.0000 0.0000 0.0000 0.0000 0.0000 0.0000 0.0000 0.0000 0.2653 0.4898 0.6735 0.8163 0.9184 0.9796 1.0000 0.9796 0.9184 0.8163 0.6735 0.4898 0.2653 0.0000 0.0000
0.0000 0.0000 0.0000 0.0000 0.0000 0.0000 0.0000 0.0000 0.0000 0.0000 0.0000 0.0000 0.0000 0.0000 0.0000 0.0000 0.0000 0.0000 0.0000 0.0000 0.0000 0.0000 0.0000 0.0000 0.0000 0.2041 0.4286 0.6122 0.7551 0.8571 0.9184 0.9388 0.9184 0.8571 0.7551 0.6122 0.4286 0.2041 0.0000 0.0000
0.0000 0.0000 0.0000 0.0000 0.0000 0.0000 0.0000 0.0000 0.0000 0.0000 0.0000 0.0000 0.0000 0.0000 0.0000 0.0000 0.0000 0.0000 0.0000 0.0000 0.0000 0.0000 0.0000 0.0000 0.0000 0.1020 0.3265 0.5102 0.6531 0.7551 0.8163 0.8367 0.8163 0.7551 0.6531 0.5102 0.3265 0.1020 0.0000 0.0000
0.0000 0.0000 0.0000 0.0000 0.0000 0.0000 0.0000 0.0000 0.0000 0.0000 0.0000 0.0000 0.0000 0.0000 0.0000 0.0000 0.0000 0.0000 0.0000 0.0000 0.0000 0.0000 0.0000 0.0000 0.0000 0.0000 0.1837 0.3673 0.5102 0.6122 0.6735 0.6939 0.6735 0.6122 0.5102 0.3673 0.1837 0.0000 0.0000 0.0000
0.0000 0.0000 0.0000 0.0000 0.0000 0.0000 0.0000 0.0000 0.0000 0.0000 0.0000 0.0000 0.0000 0.0000 0.0000 0.0000 0.0000 0.0000 0.0000 0.0000 0.0000 0.0000 0.0000 0.0000 0.0000 0.0000 0.0000 0.1837 0.3265 0.4286 0.4898 0.5102 0.4898 0.4286 0.3265 0.1837 0.0000 0.0000 0.0000 0.0000
0.0000 0.0000 0.0000 0.0000 0.0000 0.0000 0.0000 0.0000 0.0000 0.0000 0.0000 0.0000 0.0000 0.0000 0.0000 0.0000 0.0000 0.0000 0.0000 0.0000 0.0000 0.0000 0.0000 0.0000 0.0000 0.0000 0.0000 0.0000 0.1020 0.2041 0.2653 0.2857 0.2653 0.2041 0.1020 0.0000 0.0000 0.0000 0.0000 0.0000
0.0000 0.0000 0.0000 0.0000 0.0000 0.0000 0.0000 0.0000 0.0000 0.0000 0.0000 0.0000 0.0000 0.0000 0.0000 0.0000 0.0000 0.0000 0.0000 0.0000 0.0000 0.0000 0.0000 0.0000 0.0000 0.0000 0.0000 0.0000 0.0000 0.0000 0.0000 0.0204 0.0000 0.0000 0.0000 0.0000 0.0000 0.0000 0.0000 0.0000
0.0000 0.0000 0.0000 0.0000 0.0000 0.0000 0.0000 0.0000 0.0000 0.0000 0.0000 0.0000 0.0000 0.0000 0.0000 0.0000 0.0000 0.0000 0.0000 0.0000 0.0000 0.0000 0.0000 0.0000 0.0000 0.0000 0.0000 0.0000 0.0000 0.0000 0.0000 0.0000 0.0000 0.0000 0.0000 0.0000 0.0000 0.0000 0.0000 0.0000
0.0000 0.0000 0.0000 0.0000 0.0000 0.0000 0.0000 0.0000 0.0000 0.0000 0.0000 0.0000 0.0000 0.0000 0.0000 0.0000 0.0000 0.0000 0.0000 0.0000 0.0000 0.0000 0.0000 0.0000 0.0000 0.0000 0.0000 0.0000 0.0000 0.0000 0.0000 0.0000 0.0000 0.0000 0.0000 0.0000 0.0000 0.0000 0.0000 0.0000
